2021 2 14
1 0.014031 -0.151758
1 0.014031 -0.144539
1 0.007653 -0.133710
1 0.020408 -0.122881
1 0.029974 -0.101224
1 0.039541 -0.079567
1 0.045918 -0.068738
1 0.055485 -0.054300
1 0.071429 0.003453
1 0.074617 0.021500
1 0.084184 0.043158
1 0.100128 0.072034
1 0.109694 0.108129
1 0.119260 0.140615
1 0.122449 0.155053
1 0.125638 0.165882
1 0.132015 0.194758
1 0.135204 0.212806
1 0.141582 0.252511
1 0.144770 0.274168
1 0.151148 0.288606
1 0.154337 0.299435
1 0.163903 0.321092
1 0.170281 0.349969
1 0.176658 0.360797
1 0.179847 0.371626
1 0.186224 0.386064
1 0.198980 0.425769
1 0.198980 0.425769
1 0.189413 0.429379
1 0.167092 0.414940
1 0.141582 0.382454
1 0.112883 0.357188
1 0.100128 0.349969
1 0.084184 0.335530
1 0.065051 0.321092
1 0.055485 0.310264
1 0.036352 0.292216
1 0.014031 0.277778
1 0.004464 0.266949
1 -0.005102 0.259730
1 -0.033801 0.238073
1 -0.062500 0.216416
1 -0.072066 0.194758
1 -0.091199 0.176711
1 -0.103954 0.165882
1 -0.123087 0.151444
1 -0.151786 0.133396
1 -0.164541 0.118958
1 -0.174107 0.115348
1 -0.183673 0.104520
1 -0.202806 0.093691
1 -0.241071 0.061205
1 -0.266582 0.043158
1 -0.279337 0.025110
1 -0.218750 0.090082
1 -0.234694 0.075643
1 -0.285714 0.017891
1 -0.272959 0.017891
1 -0.234694 0.032329
1 -0.218750 0.039548
1 -0.199617 0.043158
1 -0.199617 0.043158
1 -0.282526 0.025110
1 -0.253827 0.025110
1 -0.199617 0.032329
1 -0.174107 0.032329
1 -0.145408 0.032329
1 -0.126276 0.032329
1 -0.107143 0.032329
1 -0.088010 0.035938
1 -0.068878 0.039548
1 -0.056122 0.039548
1 -0.014668 0.043158
1 -0.005102 0.043158
1 0.007653 0.043158
1 0.026786 0.043158
1 0.065051 0.046767
1 0.071429 0.046767
1 0.077806 0.050377
1 0.116071 0.050377
1 0.128827 0.050377
1 0.170281 0.053986
1 0.179847 0.053986
1 0.189413 0.053986
1 0.195791 0.057596
1 0.214923 0.057596
1 0.246811 0.061205
1 0.259566 0.061205
1 0.278699 0.061205
1 0.288265 0.061205
1 0.345663 0.064815
1 0.355230 0.064815
1 0.361607 0.064815
1 0.342474 0.064815
1 0.316964 0.064815
1 0.355230 0.068424
1 0.342474 0.079253
1 0.326531 0.086472
1 0.301020 0.108129
1 0.275510 0.118958
1 0.246811 0.133396
1 0.198980 0.147834
1 0.183036 0.158663
1 0.163903 0.173101
1 0.080995 0.220025
1 0.077806 0.223635
1 0.071429 0.230854
1 0.045918 0.252511
1 0.007653 0.288606
1 -0.014668 0.303045
1 -0.052934 0.335530
1 -0.072066 0.349969
1 -0.084821 0.360797
1 -0.097577 0.364407
1 -0.110332 0.375235
1 -0.119898 0.382454
1 -0.126276 0.386064
1 -0.126276 0.389674
1 -0.139031 0.389674
1 -0.135842 0.349969
1 -0.126276 0.317483
1 -0.119898 0.299435
1 -0.110332 0.281387
1 -0.100765 0.259730
1 -0.084821 0.212806
1 -0.084821 0.205587
1 -0.075255 0.162272
1 -0.072066 0.140615
1 -0.068878 0.115348
1 -0.056122 0.064815
1 -0.049745 0.053986
1 -0.046556 0.032329
1 -0.033801 -0.003766
1 -0.024235 -0.025424
1 -0.001913 -0.061519
1 0.017219 -0.090395
1 0.017219 -0.108443
1 0.017219 -0.119272
1 0.014031 -0.122881
1 -0.014668 -0.094005
1 -0.014668 -0.068738
1 0.007653 -0.094005
1 0.147959 0.183930
1 0.167092 0.165882
1 0.218112 0.144225
1 0.221301 0.137006
1 0.074617 0.220025
1 0.087372 0.220025
1 0.125638 0.201977
1 0.100128 0.212806
1 0.074617 0.230854
1 0.039541 0.263340
1 0.007653 0.288606
1 0.004464 0.292216
1 -0.008291 0.295825
1 -0.056122 0.335530
1 -0.043367 0.324702
10 0.702806 -0.873666
10 0.721939 -0.852009
10 0.728316 -0.841180
10 0.741071 -0.815913
10 0.757015 -0.790647
10 0.763393 -0.761770
10 0.772959 -0.743723
10 0.779337 -0.729284
10 0.788903 -0.693189
10 0.801658 -0.664313
10 0.808036 -0.639046
10 0.814413 -0.624608
10 0.817602 -0.602950
10 0.820791 -0.581293
10 0.830357 -0.563245
10 0.846301 -0.498274
10 0.852679 -0.473007
10 0.862245 -0.444131
10 0.865434 -0.433302
10 0.868622 -0.408035
10 0.875000 -0.393597
10 0.868622 -0.397207
10 0.849490 -0.411645
10 0.820791 -0.433302
10 0.811224 -0.440521
10 0.798469 -0.444131
10 0.772959 -0.465788
10 0.741071 -0.483836
10 0.725128 -0.505493
10 0.712372 -0.523540
10 0.693240 -0.534369
10 0.686862 -0.548807
10 0.674107 -0.559636
10 0.658163 -0.570465
10 0.635842 -0.581293
10 0.619898 -0.599341
10 0.600765 -0.617389
10 0.588010 -0.628217
10 0.575255 -0.635436
10 0.559311 -0.646265
10 0.543367 -0.649874
10 0.527423 -0.660703
10 0.521046 -0.664313
10 0.511480 -0.675141
10 0.489158 -0.696799
10 0.482781 -0.707627
10 0.479592 -0.714846
10 0.492347 -0.718456
10 0.521046 -0.718456
10 0.540179 -0.718456
10 0.568878 -0.714846
10 0.597577 -0.711237
10 0.607143 -0.711237
10 0.623087 -0.711237
10 0.648597 -0.711237
10 0.677296 -0.711237
10 0.690051 -0.711237
10 0.705995 -0.711237
10 0.744260 -0.711237
10 0.763393 -0.711237
10 0.782526 -0.711237
10 0.823980 -0.711237
10 0.846301 -0.711237
10 0.868622 -0.711237
10 0.894133 -0.711237
10 0.910077 -0.711237
10 0.932398 -0.711237
10 0.973852 -0.707627
10 0.957908 -0.696799
10 0.935587 -0.685970
10 0.913265 -0.678751
10 0.897321 -0.664313
10 0.862245 -0.631827
10 0.852679 -0.624608
10 0.833546 -0.610169
10 0.811224 -0.595731
10 0.795281 -0.581293
10 0.785714 -0.574074
10 0.766582 -0.563245
10 0.747449 -0.545198
10 0.715561 -0.523540
10 0.696429 -0.512712
10 0.680485 -0.505493
10 0.651786 -0.491055
10 0.635842 -0.483836
10 0.616709 -0.469397
10 0.581633 -0.444131
10 0.556122 -0.433302
10 0.556122 -0.429692
10 0.562500 -0.444131
10 0.572066 -0.483836
10 0.578444 -0.527150
10 0.581633 -0.545198
10 0.584821 -0.570465
10 0.591199 -0.599341
10 0.594388 -0.620998
10 0.603954 -0.642655
10 0.610332 -0.660703
10 0.619898 -0.685970
10 0.632653 -0.711237
10 0.635842 -0.732894
10 0.645408 -0.747332
10 0.654974 -0.768989
10 0.661352 -0.779818
10 0.677296 -0.819523
10 0.683673 -0.830352
10 0.686862 -0.848399
10 0.690051 -0.862837
14 -0.824617 -0.783427
14 -0.799107 -0.765380
14 -0.795918 -0.765380
14 -0.773597 -0.765380
14 -0.757653 -0.765380
14 -0.741709 -0.761770
14 -0.706633 -0.761770
14 -0.693878 -0.758161
14 -0.681122 -0.758161
14 -0.668367 -0.758161
14 -0.642857 -0.758161
14 -0.630102 -0.758161
14 -0.585459 -0.747332
14 -0.575893 -0.747332
14 -0.559949 -0.743723
14 -0.547194 -0.740113
14 -0.512117 -0.732894
14 -0.496173 -0.729284
14 -0.473852 -0.722065
14 -0.448342 -0.714846
14 -0.445153 -0.714846
14 -0.451531 -0.700408
14 -0.467474 -0.682360
14 -0.486607 -0.657094
14 -0.537628 -0.610169
14 -0.575893 -0.581293
14 -0.601403 -0.563245
14 -0.681122 -0.501883
14 -0.681122 -0.498274
14 -0.617347 -0.516321
14 -0.610969 -0.530760
14 -0.598214 -0.552417
14 -0.591837 -0.563245
14 -0.652423 -0.501883
14 -0.700255 -0.469397
14 -0.741709 -0.436911
14 -0.760842 -0.422473
14 -0.770408 -0.415254
14 -0.770408 -0.415254
14 -0.760842 -0.458569
14 -0.744898 -0.519931
14 -0.735332 -0.545198
14 -0.725765 -0.563245
14 -0.719388 -0.588512
14 -0.706633 -0.610169
14 -0.697066 -0.664313
14 -0.681122 -0.725675
14 -0.681122 -0.758161
14 -0.671556 -0.797866
14 -0.668367 -0.815913
14 -0.665179 -0.833961
14 -0.655612 -0.862837
14 -0.652423 -0.884495
14 -0.652423 -0.902542
14 -0.652423 -0.909761
14 -0.649235 -0.909761
14 -0.630102 -0.877276
14 -0.620536 -0.841180
14 -0.617347 -0.812304
14 -0.610969 -0.787037
14 -0.601403 -0.758161
14 -0.595026 -0.725675
14 -0.585459 -0.660703
14 -0.579082 -0.639046
14 -0.579082 -0.617389
14 -0.569515 -0.559636
14 -0.553571 -0.498274
14 -0.550383 -0.476616
14 -0.540816 -0.429692
14 -0.537628 -0.415254
14 -0.537628 -0.415254
14 -0.544005 -0.415254
14 -0.569515 -0.447740
14 -0.588648 -0.480226
14 -0.610969 -0.491055
14 -0.630102 -0.501883
14 -0.649235 -0.523540
14 -0.665179 -0.537979
14 -0.690689 -0.556026
14 -0.716199 -0.581293
14 -0.754464 -0.617389
14 -0.805485 -0.667922
14 -0.811862 -0.682360
14 -0.834184 -0.696799
14 -0.837372 -0.707627
14 -0.856505 -0.736503
14 -0.862883 -0.743723
14 -0.869260 -0.754551
14 -0.805485 -0.754551
14 -0.789541 -0.750942
12 -0.677934 0.609856
12 -0.646046 0.663999
12 -0.646046 0.663999
12 -0.646046 0.692875
12 -0.633291 0.732580
12 -0.623724 0.757847
12 -0.614158 0.779504
12 -0.607781 0.797552
12 -0.604592 0.822819
12 -0.585459 0.873352
12 -0.582270 0.887790
12 -0.575893 0.909448
12 -0.566327 0.934714
12 -0.553571 0.959981
12 -0.547194 0.978029
12 -0.540816 0.999686
12 -0.528061 1.028562
12 -0.515306 1.057439
12 -0.515306 1.071877
12 -0.515306 1.093534
12 -0.515306 1.100753
12 -0.515306 1.100753
12 -0.550383 1.064658
12 -0.566327 1.057439
12 -0.585459 1.043001
12 -0.595026 1.028562
12 -0.617347 0.996077
12 -0.630102 0.974419
12 -0.642857 0.956372
12 -0.665179 0.923886
12 -0.681122 0.909448
12 -0.713010 0.884181
12 -0.735332 0.862524
12 -0.770408 0.830038
12 -0.776786 0.826428
12 -0.795918 0.815600
12 -0.821429 0.797552
12 -0.843750 0.775895
12 -0.856505 0.761456
12 -0.872449 0.743409
12 -0.891582 0.728970
12 -0.907526 0.721751
12 -0.907526 0.721751
12 -0.894770 0.718142
12 -0.869260 0.718142
12 -0.846939 0.721751
12 -0.821429 0.728970
12 -0.795918 0.736190
12 -0.757653 0.743409
12 -0.728954 0.747018
12 -0.697066 0.754237
12 -0.671556 0.754237
12 -0.646046 0.754237
12 -0.620536 0.757847
12 -0.540816 0.757847
12 -0.515306 0.757847
12 -0.429209 0.765066
12 -0.591837 0.761456
12 -0.582270 0.757847
12 -0.531250 0.757847
12 -0.477041 0.772285
12 -0.448342 0.779504
12 -0.426020 0.779504
12 -0.416454 0.783114
12 -0.416454 0.786723
12 -0.486607 0.830038
12 -0.502551 0.844476
12 -0.531250 0.876962
12 -0.598214 0.938324
12 -0.620536 0.959981
12 -0.681122 1.010515
12 -0.700255 1.024953
12 -0.716199 1.035782
12 -0.757653 1.050220
12 -0.792730 1.057439
12 -0.789541 1.053829
12 -0.779974 0.996077
12 -0.773597 0.959981
12 -0.767219 0.927495
12 -0.760842 0.898619
12 -0.754464 0.862524
12 -0.748087 0.815600
12 -0.738520 0.783114
12 -0.732143 0.754237
12 -0.725765 0.728970
12 -0.722577 0.707313
12 -0.716199 0.689266
12 -0.709821 0.671218
12 -0.703444 0.653170
12 -0.697066 0.642341
12 -0.697066 0.638732
7 0.597577 0.653170
7 0.623087 0.689266
7 0.645408 0.703704
7 0.654974 0.743409
7 0.670918 0.779504
7 0.686862 0.797552
7 0.699617 0.833647
7 0.709184 0.844476
7 0.721939 0.862524
7 0.741071 0.895009
7 0.747449 0.909448
7 0.750638 0.927495
7 0.763393 0.945543
7 0.776148 0.967200
7 0.792092 0.988858
7 0.801658 1.024953
7 0.804847 1.032172
7 0.804847 1.053829
7 0.811224 1.086315
7 0.814413 1.086315
7 0.814413 1.086315
7 0.788903 1.075487
7 0.772959 1.053829
7 0.744260 1.017734
7 0.728316 1.014124
7 0.709184 1.003296
7 0.677296 0.985248
7 0.639031 0.967200
7 0.619898 0.959981
7 0.594388 0.941933
7 0.572066 0.920276
7 0.540179 0.902228
7 0.521046 0.884181
7 0.511480 0.869743
7 0.492347 0.851695
7 0.473214 0.844476
7 0.450893 0.826428
7 0.425383 0.808380
7 0.406250 0.790333
7 0.387117 0.775895
7 0.377551 0.754237
7 0.393495 0.743409
7 0.406250 0.743409
7 0.425383 0.743409
7 0.457270 0.750628
7 0.476403 0.754237
7 0.517857 0.768675
7 0.543367 0.775895
7 0.568878 0.775895
7 0.581633 0.779504
7 0.597577 0.779504
7 0.670918 0.790333
7 0.693240 0.790333
7 0.760204 0.797552
7 0.772959 0.797552
7 0.817602 0.804771
7 0.884566 0.804771
7 0.910077 0.804771
7 0.894133 0.815600
7 0.827168 0.862524
7 0.782526 0.895009
7 0.766582 0.909448
7 0.750638 0.916667
7 0.686862 0.952762
7 0.677296 0.959981
7 0.670918 0.967200
7 0.635842 0.988858
7 0.578444 1.028562
7 0.572066 1.035782
7 0.536990 1.046610
7 0.524235 1.050220
7 0.521046 1.021343
7 0.524235 0.956372
7 0.530612 0.931105
7 0.533801 0.905838
7 0.536990 0.873352
7 0.543367 0.840866
7 0.552934 0.801161
7 0.559311 0.754237
7 0.565689 0.721751
7 0.568878 0.707313
7 0.575255 0.689266
7 0.584821 0.656780
7 0.511480 0.981638
7 0.514668 0.985248
7 0.524235 0.992467
7 0.536990 1.043001
7 0.575255 1.039391
7 0.594388 1.028562
7 0.632653 1.006905
7 0.686862 0.974419
7 0.702806 0.956372
7 0.753827 0.920276
7 0.766582 0.913057
7 0.776148 0.905838
7 0.795281 0.895009
7 0.820791 0.880571
7 0.833546 0.873352
7 0.843112 0.862524
7 0.852679 0.855304
7 0.865434 0.848085
7 0.900510 0.826428
7 0.887755 0.793942
7 0.871811 0.793942
7 0.855867 0.793942
7 0.817602 0.804771
7 0.795281 0.808380
7 0.776148 0.808380
7 0.734694 0.808380
7 0.677296 0.804771
7 0.664541 0.804771
7 0.623087 0.797552
7 0.562500 0.779504
13 0.007653 0.682046
13 0.036352 0.710923
13 0.036352 0.718142
13 0.052296 0.793942
13 0.061862 0.819209
13 0.068240 0.837257
13 0.074617 0.855304
13 0.090561 0.884181
13 0.106505 0.927495
13 0.112883 0.945543
13 0.125638 0.963591
13 0.135204 0.988858
13 0.163903 1.064658
13 0.167092 1.100753
13 0.167092 1.118801
13 0.173469 1.136849
13 0.173469 1.136849
13 0.167092 1.107972
13 0.163903 1.086315
13 0.154337 1.064658
13 0.173469 1.154896
13 0.157526 1.111582
13 0.106505 1.082706
13 0.080995 1.046610
13 0.071429 1.035782
13 0.058673 1.017734
13 0.049107 1.006905
13 0.033163 0.992467
13 0.020408 0.978029
13 0.010842 0.967200
13 -0.005102 0.952762
13 -0.027423 0.931105
13 -0.075255 0.895009
13 -0.097577 0.869743
13 -0.116709 0.855304
13 -0.129464 0.840866
13 -0.145408 0.822819
13 -0.158163 0.808380
13 -0.170918 0.797552
13 -0.158163 0.797552
13 -0.139031 0.797552
13 -0.119898 0.808380
13 -0.097577 0.811990
13 -0.075255 0.822819
13 -0.049745 0.826428
13 -0.033801 0.833647
13 -0.021046 0.837257
13 -0.005102 0.837257
13 0.023597 0.840866
13 0.039541 0.840866
13 0.055485 0.840866
13 0.084184 0.848085
13 0.103316 0.851695
13 0.125638 0.851695
13 0.132015 0.858914
13 0.151148 0.862524
13 0.208546 0.869743
13 0.214923 0.869743
13 0.214923 0.873352
13 0.218112 0.880571
13 0.167092 0.876962
13 0.195791 0.880571
13 0.218112 0.880571
13 0.230867 0.895009
13 0.205357 0.916667
13 0.173469 0.934714
13 0.151148 0.949153
13 0.132015 0.970810
13 0.100128 0.992467
13 0.084184 1.006905
13 0.058673 1.021343
13 0.045918 1.028562
13 -0.001913 1.050220
13 -0.065689 1.079096
13 -0.072066 1.093534
13 -0.094388 1.107972
13 -0.036990 1.097144
13 0.052296 1.053829
13 -0.091199 1.100753
13 -0.084821 1.082706
13 -0.075255 1.053829
13 -0.065689 1.024953
13 -0.059311 0.996077
13 -0.059311 0.970810
13 -0.049745 0.913057
13 -0.033801 0.822819
13 -0.030612 0.808380
13 -0.024235 0.797552
13 0.007653 0.761456
13 0.020408 0.743409
13 0.020408 0.710923
13 -0.008291 1.097144
13 -0.005102 1.086315
13 0.020408 1.061048
13 0.033163 1.046610
13 0.077806 1.050220
13 0.096939 1.082706
13 0.116071 1.089925
13 0.144770 1.115191
13 0.176658 1.075487
13 0.160714 1.057439
13 0.157526 1.046610
13 0.151148 1.024953
13 0.052296 0.804771
13 0.052296 0.801161
13 0.055485 0.775895
13 0.052296 0.728970
13 0.033163 0.725361
13 0.029974 0.725361
9 -0.709821 -0.043471
9 -0.709821 -0.021814
9 -0.706633 -0.018205
9 -0.703444 -0.014595
9 -0.700255 -0.010986
9 -0.700255 -0.003766
9 -0.690689 0.021500
9 -0.684311 0.028719
9 -0.665179 0.061205
9 -0.658801 0.064815
9 -0.668367 0.104520
9 -0.668367 0.126177
9 -0.661990 0.140615
9 -0.649235 0.155053
9 -0.646046 0.165882
9 -0.636480 0.194758
9 -0.630102 0.205587
9 -0.623724 0.220025
9 -0.607781 0.241682
9 -0.601403 0.259730
9 -0.588648 0.292216
9 -0.579082 0.310264
9 -0.572704 0.328311
9 -0.569515 0.339140
9 -0.559949 0.349969
9 -0.556760 0.371626
9 -0.550383 0.386064
9 -0.547194 0.389674
9 -0.550383 0.389674
9 -0.569515 0.378845
9 -0.582270 0.364407
9 -0.601403 0.346359
9 -0.614158 0.339140
9 -0.617347 0.328311
9 -0.639668 0.317483
9 -0.649235 0.310264
9 -0.658801 0.303045
9 -0.661990 0.295825
9 -0.674745 0.277778
9 -0.681122 0.266949
9 -0.697066 0.259730
9 -0.706633 0.256121
9 -0.709821 0.256121
9 -0.719388 0.248901
9 -0.732143 0.241682
9 -0.748087 0.220025
9 -0.754464 0.209196
9 -0.767219 0.201977
9 -0.776786 0.198368
9 -0.799107 0.165882
9 -0.805485 0.162272
9 -0.815051 0.158663
9 -0.827806 0.147834
9 -0.834184 0.137006
9 -0.846939 0.129787
9 -0.862883 0.122567
9 -0.878827 0.111739
9 -0.897959 0.100910
9 -0.907526 0.086472
9 -0.907526 0.086472
9 -0.901148 0.082863
9 -0.869260 0.082863
9 -0.859694 0.082863
9 -0.830995 0.090082
9 -0.821429 0.090082
9 -0.815051 0.093691
9 -0.802296 0.093691
9 -0.779974 0.093691
9 -0.744898 0.093691
9 -0.732143 0.093691
9 -0.716199 0.093691
9 -0.709821 0.093691
9 -0.697066 0.090082
9 -0.690689 0.090082
9 -0.687500 0.090082
9 -0.649235 0.086472
9 -0.623724 0.093691
9 -0.591837 0.090082
9 -0.579082 0.090082
9 -0.540816 0.093691
9 -0.528061 0.093691
9 -0.502551 0.097301
9 -0.496173 0.100910
9 -0.492985 0.100910
9 -0.496173 0.108129
9 -0.524872 0.118958
9 -0.524872 0.118958
9 -0.547194 0.140615
9 -0.566327 0.155053
9 -0.575893 0.173101
9 -0.588648 0.180320
9 -0.617347 0.198368
9 -0.617347 0.201977
9 -0.623724 0.209196
9 -0.639668 0.220025
9 -0.649235 0.227244
9 -0.658801 0.238073
9 -0.665179 0.252511
9 -0.697066 0.274168
9 -0.697066 0.277778
9 -0.732143 0.295825
9 -0.732143 0.295825
9 -0.741709 0.303045
9 -0.770408 0.328311
9 -0.786352 0.335530
9 -0.818240 0.368016
9 -0.827806 0.382454
9 -0.827806 0.382454
9 -0.818240 0.306654
9 -0.815051 0.288606
9 -0.815051 0.266949
9 -0.808673 0.241682
9 -0.802296 0.223635
9 -0.792730 0.194758
9 -0.789541 0.165882
9 -0.783163 0.144225
9 -0.773597 0.108129
9 -0.767219 0.090082
9 -0.767219 0.072034
9 -0.760842 0.046767
9 -0.751276 0.028719
9 -0.744898 0.017891
9 -0.738520 0.003453
9 -0.732143 -0.007376
9 -0.725765 -0.021814
9 -0.722577 -0.029033
9 -0.837372 0.386064
9 -0.837372 0.368016
9 -0.834184 0.328311
9 -0.834184 0.292216
9 -0.834184 0.281387
9 -0.824617 0.360797
9 -0.827806 0.418550
9 -0.805485 0.393283
9 -0.792730 0.375235
9 -0.783163 0.360797
9 -0.770408 0.339140
9 -0.754464 0.328311
9 -0.738520 0.310264
9 -0.722577 0.295825
9 -0.703444 0.284997
9 -0.920281 0.097301
9 -0.917092 0.093691
9 -0.843750 0.082863
9 -0.808673 0.093691
9 -0.799107 0.093691
9 -0.805485 0.090082
9 -0.882015 0.086472
9 -0.894770 0.086472
9 -0.639668 0.100910
9 -0.633291 0.100910
9 -0.595026 0.097301
9 -0.572704 0.097301
9 -0.544005 0.097301
9 -0.515306 0.100910
9 -0.512117 0.122567
9 -0.547194 0.155053
9 -0.563138 0.165882
9 -0.579082 0.176711
9 -0.591837 0.191149
9 -0.595026 0.194758
2 0.712372 -0.025424
2 0.725128 -0.007376
2 0.728316 -0.000157
2 0.744260 0.035938
2 0.747449 0.039548
2 0.753827 0.053986
2 0.760204 0.075643
2 0.769770 0.104520
2 0.776148 0.129787
2 0.788903 0.144225
2 0.795281 0.155053
2 0.801658 0.165882
2 0.808036 0.201977
2 0.811224 0.223635
2 0.820791 0.245292
2 0.833546 0.281387
2 0.839923 0.313873
2 0.843112 0.328311
2 0.849490 0.335530
2 0.859056 0.353578
2 0.865434 0.378845
2 0.868622 0.393283
2 0.875000 0.411331
2 0.878189 0.411331
2 0.843112 0.400502
2 0.827168 0.393283
2 0.801658 0.378845
2 0.776148 0.353578
2 0.766582 0.339140
2 0.737883 0.303045
2 0.721939 0.281387
2 0.705995 0.266949
2 0.690051 0.248901
2 0.674107 0.230854
2 0.629464 0.212806
2 0.629464 0.205587
2 0.623087 0.191149
2 0.600765 0.162272
2 0.588010 0.144225
2 0.568878 0.129787
2 0.549745 0.118958
2 0.543367 0.111739
2 0.549745 0.108129
2 0.575255 0.100910
2 0.597577 0.100910
2 0.610332 0.104520
2 0.626276 0.108129
2 0.642219 0.108129
2 0.661352 0.111739
2 0.683673 0.111739
2 0.702806 0.111739
2 0.709184 0.111739
2 0.721939 0.111739
2 0.747449 0.115348
2 0.776148 0.115348
2 0.808036 0.115348
2 0.830357 0.115348
2 0.859056 0.118958
2 0.871811 0.118958
2 0.894133 0.115348
2 0.903699 0.118958
2 0.916454 0.118958
2 0.881378 0.155053
2 0.859056 0.180320
2 0.843112 0.194758
2 0.836735 0.198368
2 0.792092 0.238073
2 0.779337 0.248901
2 0.760204 0.263340
2 0.741071 0.277778
2 0.712372 0.292216
2 0.686862 0.313873
2 0.677296 0.317483
2 0.667730 0.328311
2 0.648597 0.339140
2 0.632653 0.346359
2 0.639031 0.339140
2 0.639031 0.306654
2 0.642219 0.259730
2 0.651786 0.230854
2 0.658163 0.201977
2 0.667730 0.169492
2 0.670918 0.137006
2 0.677296 0.108129
2 0.696429 0.043158
2 0.702806 0.010672
2 0.705995 -0.003766
2 0.709184 -0.010986
11 0.017219 -0.862837
11 0.055485 -0.826742
11 0.061862 -0.823132
11 0.074617 -0.768989
11 0.074617 -0.754551
11 0.100128 -0.685970
11 0.103316 -0.671532
11 0.116071 -0.642655
11 0.122449 -0.624608
11 0.125638 -0.599341
11 0.141582 -0.563245
11 0.151148 -0.512712
11 0.163903 -0.491055
11 0.173469 -0.465788
11 0.205357 -0.386378
11 0.208546 -0.379159
11 0.173469 -0.389987
11 0.138393 -0.451350
11 0.128827 -0.462178
11 0.125638 -0.476616
11 0.116071 -0.487445
11 0.071429 -0.516321
11 0.065051 -0.530760
11 0.039541 -0.563245
11 0.020408 -0.588512
11 0.017219 -0.606560
11 0.007653 -0.613779
11 -0.027423 -0.631827
11 -0.040179 -0.642655
11 -0.043367 -0.657094
11 -0.046556 -0.671532
11 -0.062500 -0.678751
11 -0.072066 -0.696799
11 -0.088010 -0.722065
11 -0.110332 -0.747332
11 -0.116709 -0.754551
11 -0.110332 -0.758161
11 -0.075255 -0.758161
11 -0.052934 -0.754551
11 -0.030612 -0.754551
11 -0.005102 -0.750942
11 0.020408 -0.743723
11 0.045918 -0.736503
11 0.074617 -0.736503
11 0.096939 -0.736503
11 0.128827 -0.729284
11 0.167092 -0.722065
11 0.189413 -0.718456
11 0.211735 -0.718456
11 0.221301 -0.718456
11 0.230867 -0.718456
11 0.192602 -0.671532
11 0.192602 -0.660703
11 0.179847 -0.646265
11 0.163903 -0.631827
11 0.157526 -0.624608
11 0.132015 -0.602950
11 0.090561 -0.566855
11 0.084184 -0.559636
11 0.074617 -0.548807
11 0.052296 -0.534369
11 0.039541 -0.527150
11 0.017219 -0.512712
11 -0.024235 -0.491055
11 -0.030612 -0.483836
11 -0.078444 -0.462178
11 -0.075255 -0.462178
11 -0.084821 -0.454959
11 -0.084821 -0.451350
11 -0.078444 -0.530760
11 -0.078444 -0.570465
11 -0.068878 -0.592122
11 -0.056122 -0.613779
11 -0.046556 -0.631827
11 -0.040179 -0.657094
11 -0.030612 -0.689579
11 -0.017857 -0.754551
11 -0.014668 -0.772599
11 -0.008291 -0.790647
11 -0.008291 -0.812304
11 -0.001913 -0.837571
1 0.061862 0.007062
1 0.087372 0.061205
1 0.084184 0.043158
1 0.077806 0.035938
1 0.068240 0.025110
1 0.061862 0.010672
1 0.052296 -0.003766
1 0.045918 -0.018205
1 0.039541 -0.039862
1 -0.001913 -0.097615
1 -0.008291 -0.090395
1 -0.021046 -0.014595
1 -0.046556 0.039548
1 -0.142219 0.389674
1 -0.126276 0.353578
1 -0.126276 0.335530
1 -0.126276 0.303045
1 -0.123087 0.284997
1 -0.113520 0.270559
1 -0.110332 0.259730
1 -0.100765 0.241682
1 -0.084821 0.198368
1 0.061862 0.335530
1 0.084184 0.357188
1 0.119260 0.400502
1 0.135204 0.414940
1 0.154337 0.418550
1 0.163903 0.422159
1 0.167092 0.425769
1 0.160714 0.414940
1 0.132015 0.382454
1 0.093750 0.357188
1 0.061862 0.339140
1 0.045918 0.313873
1 0.033163 0.295825
1 -0.056122 0.263340
1 -0.100765 0.205587
1 -0.062500 0.220025
1 0.017219 -0.140929
1 0.020408 -0.140929
1 0.014031 -0.137320
1 0.020408 -0.140929
1 0.029974 -0.140929
1 0.036352 -0.144539
1 0.052296 -0.148148
1 0.061862 -0.151758
1 0.087372 -0.155367
1 0.100128 -0.155367
1 0.109694 -0.155367
1 0.125638 -0.155367
1 0.151148 -0.158977
1 0.154337 -0.158977
1 0.167092 -0.155367
1 0.173469 -0.148148
1 0.186224 -0.140929
1 0.195791 -0.133710
1 0.227679 -0.119272
1 0.237245 -0.115662
1 0.250000 -0.104834
1 0.269133 -0.090395
1 0.297832 -0.057910
1 0.313776 -0.039862
1 0.358418 0.014281
1 0.367985 0.043158
1 0.371173 0.082863
1 0.355230 0.025110
1 0.348852 -0.000157
1 0.326531 -0.010986
1 0.310587 -0.029033
1 0.285077 -0.075957
1 0.265944 -0.086786
1 0.253189 -0.097615
1 0.237245 -0.112053
1 0.214923 -0.126491
1 0.128827 -0.144539
1 0.112883 -0.148148
1 0.096939 -0.148148
1 0.058673 -0.151758
1 0.026786 -0.155367
1 0.144770 -0.173415
1 0.154337 -0.166196
1 0.122449 -0.166196
1 0.106505 -0.166196
1 0.071429 -0.166196
1 0.061862 -0.166196
1 0.020408 -0.173415
1 -0.017857 -0.169805
1 -0.027423 -0.169805
1 -0.116709 -0.155367
1 -0.308036 0.057596
1 -0.304847 0.039548
1 -0.295281 0.021500
1 -0.295281 -0.003766
1 -0.295281 -0.021814
1 -0.295281 -0.036252
1 -0.288903 -0.054300
1 -0.285714 -0.065129
1 -0.279337 -0.083176
1 -0.272959 -0.101224
1 -0.250638 -0.130100
1 -0.241071 -0.137320
1 -0.231505 -0.140929
1 -0.209184 -0.155367
1 -0.202806 -0.158977
1 -0.199617 -0.166196
1 -0.177296 -0.177024
1 -0.164541 -0.184244
1 -0.151786 -0.187853
1 -0.126276 -0.191463
1 -0.091199 -0.198682
1 -0.078444 -0.198682
1 -0.049745 -0.202291
1 -0.021046 -0.202291
1 0.042730 -0.198682
1 0.071429 -0.191463
1 0.154337 -0.155367
1 0.157526 -0.155367
1 0.144770 -0.166196
1 0.080995 -0.177024
1 0.042730 -0.177024
1 0.014031 -0.177024
1 -0.005102 -0.177024
1 -0.024235 -0.184244
1 -0.052934 -0.187853
1 -0.084821 -0.187853
1 -0.129464 -0.184244
1 -0.148597 -0.177024
1 -0.314413 0.039548
1 -0.308036 0.057596
1 -0.301658 0.079253
1 -0.288903 0.111739
1 -0.285714 0.151444
1 -0.282526 0.176711
1 -0.272959 0.220025
1 -0.301658 0.057596
1 -0.301658 0.057596
1 -0.301658 0.097301
1 -0.301658 0.108129
1 -0.301658 0.126177
1 -0.304847 0.187539
1 -0.301658 0.194758
1 -0.288903 0.209196
1 -0.282526 0.230854
1 -0.279337 0.252511
1 -0.276148 0.274168
1 -0.269770 0.288606
1 -0.260204 0.303045
1 -0.244260 0.324702
1 -0.234694 0.339140
1 -0.228316 0.353578
1 -0.218750 0.382454
1 -0.202806 0.400502
1 -0.190051 0.404112
1 -0.174107 0.411331
1 -0.142219 0.422159
1 -0.116709 0.425769
1 -0.107143 0.429379
1 -0.081633 0.440207
1 -0.072066 0.440207
1 -0.049745 0.443817
1 0.014031 0.454645
1 0.017219 0.454645
1 0.026786 0.461864
1 0.058673 0.465474
1 0.080995 0.469083
1 0.106505 0.472693
1 0.167092 0.472693
1 0.176658 0.472693
1 0.202168 0.440207
1 0.218112 0.429379
1 0.237245 0.414940
1 0.250000 0.400502
1 0.262755 0.386064
1 0.269133 0.357188
1 0.272321 0.342750
1 0.275510 0.321092
1 0.285077 0.299435
1 0.291454 0.274168
1 0.304209 0.248901
1 0.313776 0.230854
1 0.323342 0.216416
1 0.332908 0.191149
1 0.342474 0.169492
1 0.348852 0.137006
1 0.364796 0.111739
1 0.367985 0.064815
1 0.367985 0.057596
1 0.361607 0.093691
1 0.352041 0.220025
1 0.326531 0.277778
1 0.323342 0.292216
1 0.307398 0.321092
1 0.304209 0.342750
1 0.288265 0.382454
1 0.281888 0.396893
1 0.294643 0.357188
1 0.313776 0.303045
1 0.326531 0.270559
1 0.355230 0.162272
1 0.345663 0.212806
1 0.281888 0.386064
1 0.262755 0.407721
1 0.189413 0.465474
1 0.173469 0.472693
1 0.147959 0.472693
1 0.109694 0.483522
1 0.087372 0.483522
1 0.071429 0.479912
1 -0.005102 0.476303
1 -0.046556 0.472693
1 -0.068878 0.469083
1 -0.091199 0.461864
1 -0.177296 0.425769
1 -0.132653 0.425769
1 -0.100765 0.429379
1 -0.014668 0.454645
1 0.007653 0.458255
1 0.071429 0.465474
2 0.737883 -0.003766
2 0.725128 -0.021814
2 0.731505 -0.018205
2 0.747449 -0.014595
2 0.757015 -0.014595
2 0.782526 -0.014595
2 0.782526 -0.014595
2 0.737883 -0.021814
2 0.734694 -0.021814
2 0.737883 -0.025424
2 0.757015 -0.032643
2 0.779337 -0.036252
2 0.792092 -0.032643
2 0.833546 0.010672
2 0.843112 0.021500
2 0.865434 0.035938
2 0.878189 0.043158
2 0.887755 0.053986
2 0.903699 0.072034
2 0.929209 0.093691
2 0.941964 0.115348
2 0.951531 0.137006
2 0.954719 0.151444
2 0.957908 0.180320
2 0.961097 0.198368
2 0.973852 0.256121
2 0.977041 0.274168
2 0.970663 0.328311
2 0.967474 0.346359
2 0.948342 0.393283
2 0.932398 0.422159
2 0.910077 0.443817
2 0.906888 0.443817
2 0.916454 0.440207
2 0.945153 0.404112
2 0.957908 0.364407
2 0.970663 0.331921
2 0.983418 0.259730
2 0.938776 0.461864
2 0.919643 0.461864
2 0.833546 0.465474
2 0.827168 0.465474
2 0.769770 0.458255
2 0.884566 0.458255
2 0.906888 0.454645
2 0.903699 0.454645
2 0.862245 0.454645
2 0.839923 0.451036
2 0.785714 0.447426
2 0.763393 0.447426
2 0.757015 0.447426
2 0.715561 0.432988
2 0.674107 0.422159
2 0.661352 0.418550
2 0.642219 0.407721
2 0.613520 0.396893
2 0.603954 0.378845
2 0.591199 0.360797
2 0.562500 0.342750
2 0.536990 0.288606
2 0.536990 0.259730
2 0.533801 0.230854
2 0.524235 0.198368
2 0.517857 0.155053
2 0.517857 0.133396
2 0.517857 0.111739
2 0.517857 0.093691
2 0.521046 0.079253
2 0.527423 0.064815
2 0.543367 0.050377
2 0.552934 0.043158
2 0.575255 0.032329
2 0.591199 0.025110
2 0.616709 0.017891
2 0.699617 -0.010986
2 0.731505 -0.021814
2 0.750638 -0.021814
2 0.750638 -0.021814
2 0.715561 -0.021814
2 0.683673 -0.018205
2 0.664541 -0.014595
2 0.642219 -0.000157
2 0.626276 0.003453
2 0.607143 0.014281
2 0.581633 0.028719
2 0.556122 0.039548
2 0.530612 0.053986
2 0.517857 0.075643
10 0.715561 -0.902542
10 0.677296 -0.891714
10 0.680485 -0.891714
10 0.686862 -0.891714
10 0.718750 -0.891714
10 0.721939 -0.891714
10 0.734694 -0.895323
10 0.737883 -0.895323
10 0.757015 -0.891714
10 0.772959 -0.884495
10 0.795281 -0.880885
10 0.808036 -0.877276
10 0.817602 -0.873666
10 0.827168 -0.859228
10 0.846301 -0.848399
10 0.884566 -0.830352
10 0.900510 -0.823132
10 0.913265 -0.808694
10 0.922832 -0.797866
10 0.938776 -0.787037
10 0.957908 -0.768989
10 0.973852 -0.747332
10 0.977041 -0.736503
10 0.983418 -0.711237
10 0.986607 -0.693189
10 0.986607 -0.678751
10 0.986607 -0.667922
10 0.970663 -0.602950
10 0.977041 -0.592122
10 0.980230 -0.566855
10 0.977041 -0.559636
10 0.992985 -0.639046
10 0.986607 -0.646265
10 0.986607 -0.556026
10 0.986607 -0.541588
10 0.983418 -0.458569
10 0.948342 -0.389987
10 0.938776 -0.371940
10 0.916454 -0.357502
10 0.894133 -0.350282
10 0.926020 -0.361111
10 0.951531 -0.379159
10 0.973852 -0.408035
10 0.980230 -0.505493
10 0.992985 -0.610169
10 0.977041 -0.595731
10 0.938776 -0.429692
10 0.935587 -0.389987
10 0.935587 -0.371940
10 0.910077 -0.350282
10 0.881378 -0.343063
10 0.868622 -0.343063
10 0.849490 -0.346673
10 0.801658 -0.350282
10 0.779337 -0.350282
10 0.686862 -0.350282
10 0.680485 -0.350282
10 0.654974 -0.350282
10 0.594388 -0.357502
10 0.530612 -0.386378
10 0.530612 -0.397207
10 0.607143 -0.371940
10 0.635842 -0.357502
10 0.763393 -0.335844
10 0.881378 -0.321406
10 0.894133 -0.321406
10 0.881378 -0.339454
10 0.782526 -0.343063
10 0.753827 -0.339454
10 0.731505 -0.339454
10 0.702806 -0.343063
10 0.683673 -0.343063
10 0.632653 -0.353892
10 0.540179 -0.389987
10 0.536990 -0.404426
10 0.521046 -0.422473
10 0.485969 -0.444131
10 0.482781 -0.458569
10 0.447704 -0.552417
10 0.444515 -0.581293
10 0.438138 -0.610169
10 0.438138 -0.635436
10 0.441327 -0.664313
10 0.460459 -0.711237
10 0.473214 -0.743723
10 0.482781 -0.772599
10 0.495536 -0.794256
10 0.511480 -0.815913
10 0.530612 -0.833961
10 0.549745 -0.848399
10 0.565689 -0.859228
10 0.632653 -0.884495
10 0.648597 -0.888104
10 0.667730 -0.895323
10 0.632653 -0.877276
10 0.584821 -0.855618
10 0.565689 -0.848399
10 0.549745 -0.844790
10 0.603954 -0.870057
10 0.610332 -0.873666
10 0.613520 -0.873666
10 0.508291 -0.787037
10 0.463648 -0.718456
10 0.447704 -0.635436
10 0.447704 -0.610169
10 0.447704 -0.588512
10 0.457270 -0.494664
10 0.470026 -0.487445
10 0.470026 -0.476616
10 0.473214 -0.473007
10 0.492347 -0.447740
10 0.533801 -0.422473
10 0.556122 -0.408035
10 0.565689 -0.393597
10 0.575255 -0.386378
10 0.588010 -0.371940
10 0.600765 -0.368330
10 0.479592 -0.516321
10 0.450893 -0.534369
10 0.425383 -0.537979
10 0.852679 -0.823132
10 0.865434 -0.841180
10 0.871811 -0.844790
10 0.967474 -0.440521
10 0.973852 -0.451350
10 0.986607 -0.436911
10 0.992985 -0.465788
10 0.989796 -0.519931
10 0.989796 -0.523540
10 0.989796 -0.548807
10 0.989796 -0.537979
10 0.973852 -0.400816
10 0.945153 -0.346673
10 0.906888 -0.343063
10 0.830357 -0.346673
10 0.814413 -0.346673
10 0.779337 -0.343063
10 0.757015 -0.343063
11 0.058673 -0.866447
11 -0.021046 -0.891714
11 -0.014668 -0.891714
11 -0.001913 -0.891714
11 0.026786 -0.888104
11 0.039541 -0.888104
11 0.052296 -0.888104
11 0.071429 -0.888104
11 0.080995 -0.877276
11 0.106505 -0.848399
11 0.132015 -0.844790
11 0.144770 -0.841180
11 0.147959 -0.830352
11 0.170281 -0.805085
11 0.189413 -0.790647
11 0.205357 -0.787037
11 0.234056 -0.758161
11 0.240434 -0.740113
11 0.250000 -0.722065
11 0.262755 -0.707627
11 0.265944 -0.685970
11 0.269133 -0.642655
11 0.269133 -0.617389
11 0.272321 -0.610169
11 0.275510 -0.588512
11 0.272321 -0.545198
11 0.278699 -0.498274
11 0.285077 -0.476616
11 0.278699 -0.444131
11 0.272321 -0.422473
11 0.262755 -0.400816
11 0.262755 -0.382768
11 0.259566 -0.350282
11 0.250000 -0.339454
11 0.179847 -0.332235
11 0.157526 -0.328625
11 0.138393 -0.332235
11 0.119260 -0.335844
11 0.214923 -0.332235
11 0.230867 -0.332235
11 0.240434 -0.328625
11 0.230867 -0.328625
11 0.151148 -0.328625
11 0.128827 -0.328625
11 0.074617 -0.328625
11 0.045918 -0.328625
11 0.033163 -0.328625
11 -0.011480 -0.343063
11 -0.059311 -0.361111
11 -0.068878 -0.364721
11 -0.075255 -0.368330
11 -0.084821 -0.382768
11 -0.113520 -0.400816
11 -0.116709 -0.415254
11 -0.129464 -0.436911
11 -0.135842 -0.465788
11 -0.145408 -0.487445
11 -0.151786 -0.509102
11 -0.154974 -0.534369
11 -0.154974 -0.566855
11 -0.154974 -0.592122
11 -0.154974 -0.620998
11 -0.158163 -0.649874
11 -0.161352 -0.714846
11 -0.161352 -0.740113
11 -0.161352 -0.758161
11 -0.154974 -0.776208
11 -0.151786 -0.787037
11 -0.145408 -0.805085
11 -0.132653 -0.823132
11 -0.123087 -0.837571
11 -0.103954 -0.859228
11 -0.091199 -0.866447
11 -0.078444 -0.873666
11 -0.059311 -0.877276
11 -0.043367 -0.884495
11 -0.024235 -0.888104
14 -0.649235 -0.931419
14 -0.646046 -0.916981
14 -0.646046 -0.916981
14 -0.639668 -0.916981
14 -0.614158 -0.906152
14 -0.598214 -0.913371
14 -0.585459 -0.913371
14 -0.566327 -0.906152
14 -0.556760 -0.898933
14 -0.544005 -0.888104
14 -0.633291 -0.924200
14 -0.639668 -0.931419
14 -0.604592 -0.931419
14 -0.582270 -0.924200
14 -0.553571 -0.916981
14 -0.531250 -0.902542
14 -0.505740 -0.855618
14 -0.486607 -0.830352
14 -0.473852 -0.812304
14 -0.464286 -0.797866
14 -0.445153 -0.750942
14 -0.432398 -0.732894
14 -0.422832 -0.696799
14 -0.422832 -0.649874
14 -0.422832 -0.628217
14 -0.419643 -0.610169
14 -0.419643 -0.563245
14 -0.416454 -0.541588
14 -0.416454 -0.527150
14 -0.426020 -0.516321
14 -0.435587 -0.487445
14 -0.448342 -0.454959
14 -0.451531 -0.440521
14 -0.483418 -0.411645
14 -0.521684 -0.386378
14 -0.540816 -0.379159
14 -0.521684 -0.375549
14 -0.477041 -0.397207
14 -0.461097 -0.408035
14 -0.454719 -0.436911
14 -0.419643 -0.559636
14 -0.394133 -0.642655
14 -0.406888 -0.671532
14 -0.429209 -0.704018
14 -0.445153 -0.747332
14 -0.843750 -0.386378
14 -0.840561 -0.382768
14 -0.815051 -0.371940
14 -0.779974 -0.364721
14 -0.744898 -0.364721
14 -0.722577 -0.361111
14 -0.700255 -0.353892
14 -0.639668 -0.339454
14 -0.604592 -0.332235
14 -0.575893 -0.335844
14 -0.515306 -0.335844
14 -0.489796 -0.350282
14 -0.483418 -0.379159
14 -0.467474 -0.386378
14 -0.457908 -0.382768
14 -0.492985 -0.364721
14 -0.550383 -0.339454
14 -0.582270 -0.335844
14 -0.598214 -0.335844
14 -0.614158 -0.335844
14 -0.674745 -0.335844
14 -0.671556 -0.335844
14 -0.687500 -0.335844
14 -0.728954 -0.350282
14 -0.764031 -0.361111
14 -0.808673 -0.375549
14 -0.850128 -0.400816
14 -0.862883 -0.411645
14 -0.869260 -0.426083
14 -0.872449 -0.458569
14 -0.885204 -0.509102
14 -0.888393 -0.530760
14 -0.920281 -0.595731
14 -0.920281 -0.617389
14 -0.920281 -0.631827
14 -0.917092 -0.660703
14 -0.913903 -0.693189
14 -0.904337 -0.743723
14 -0.888393 -0.765380
14 -0.885204 -0.779818
14 -0.846939 -0.830352
14 -0.837372 -0.844790
14 -0.818240 -0.859228
14 -0.802296 -0.873666
14 -0.773597 -0.884495
14 -0.732143 -0.913371
14 -0.700255 -0.924200
14 -0.646046 -0.945857
14 -0.626913 -0.945857
14 -0.620536 -0.945857
14 -0.709821 -0.902542
14 -0.732143 -0.895323
14 -0.779974 -0.877276
14 -0.818240 -0.859228
14 -0.888393 -0.794256
14 -0.907526 -0.685970
14 -0.923469 -0.595731
14 -0.910714 -0.534369
12 -0.642857 0.624294
12 -0.684311 0.599027
12 -0.668367 0.595417
12 -0.658801 0.595417
12 -0.649235 0.595417
12 -0.636480 0.602637
12 -0.630102 0.602637
12 -0.610969 0.609856
12 -0.575893 0.609856
12 -0.572704 0.609856
12 -0.559949 0.617075
12 -0.531250 0.617075
12 -0.505740 0.638732
12 -0.489796 0.642341
12 -0.467474 0.653170
12 -0.445153 0.667608
12 -0.406888 0.689266
12 -0.394133 0.714532
12 -0.381378 0.743409
12 -0.368622 0.765066
12 -0.359056 0.797552
12 -0.359056 0.826428
12 -0.355867 0.869743
12 -0.352679 0.895009
12 -0.352679 0.905838
12 -0.362245 0.938324
12 -0.368622 0.952762
12 -0.378189 0.996077
12 -0.375000 1.003296
12 -0.375000 1.024953
12 -0.378189 1.046610
12 -0.384566 1.068267
12 -0.390944 1.086315
12 -0.397321 1.104363
12 -0.429209 1.140458
12 -0.438776 1.144068
12 -0.486607 1.158506
12 -0.499362 1.162115
12 -0.524872 1.162115
12 -0.556760 1.162115
12 -0.595026 1.162115
12 -0.610969 1.162115
12 -0.665179 1.165725
12 -0.681122 1.165725
12 -0.706633 1.162115
12 -0.744898 1.158506
12 -0.764031 1.151287
12 -0.786352 1.147677
12 -0.802296 1.136849
12 -0.815051 1.126020
12 -0.850128 1.104363
12 -0.869260 1.089925
12 -0.885204 1.071877
12 -0.894770 1.050220
12 -0.917092 1.003296
12 -0.939413 0.967200
12 -0.939413 0.934714
12 -0.942602 0.920276
12 -0.942602 0.887790
12 -0.945791 0.844476
12 -0.945791 0.801161
12 -0.942602 0.750628
12 -0.936224 0.725361
12 -0.920281 0.678437
12 -0.920281 0.667608
12 -0.888393 0.638732
12 -0.859694 0.627903
12 -0.834184 0.617075
12 -0.818240 0.609856
12 -0.795918 0.602637
12 -0.751276 0.591808
12 -0.725765 0.584589
12 -0.703444 0.584589
12 -0.738520 0.606246
12 -0.764031 0.609856
12 -0.776786 0.613465
13 0.029974 0.645951
13 -0.014668 0.653170
13 -0.008291 0.656780
13 0.014031 0.663999
13 0.033163 0.667608
13 0.042730 0.667608
13 0.090561 0.678437
13 0.112883 0.682046
13 0.128827 0.692875
13 0.071429 0.678437
13 0.061862 0.674827
13 0.058673 0.671218
13 0.154337 0.721751
13 0.176658 0.739799
13 0.234056 0.775895
13 0.243622 0.783114
13 0.250000 0.790333
13 0.278699 0.822819
13 0.281888 0.833647
13 0.275510 0.837257
13 0.224490 0.768675
13 0.218112 0.765066
13 0.189413 0.743409
13 0.189413 0.743409
13 0.230867 0.783114
13 0.278699 0.855304
13 0.288265 0.876962
13 0.291454 0.895009
13 0.285077 0.923886
13 0.272321 0.949153
13 0.275510 0.970810
13 0.269133 1.003296
13 0.272321 1.043001
13 0.272321 1.057439
13 0.269133 1.089925
13 0.253189 1.133239
13 0.246811 1.144068
13 0.234056 1.158506
13 0.227679 1.165725
13 0.208546 1.176554
13 0.186224 1.183773
13 0.173469 1.190992
13 0.154337 1.190992
13 0.144770 1.190992
13 0.112883 1.190992
13 0.096939 1.187382
13 0.042730 1.180163
13 -0.005102 1.176554
13 -0.059311 1.176554
13 -0.081633 1.172944
13 -0.103954 1.165725
13 -0.103954 1.165725
13 0.017219 1.190992
13 0.045918 1.194601
13 0.077806 1.194601
13 0.080995 1.183773
13 -0.030612 1.180163
13 -0.056122 1.169335
13 -0.084821 1.165725
13 -0.100765 1.158506
13 -0.135842 1.133239
13 -0.139031 1.104363
13 -0.145408 1.079096
13 -0.161352 1.043001
13 -0.164541 1.024953
13 -0.164541 1.014124
13 -0.177296 0.981638
13 -0.180485 0.952762
13 -0.196429 0.866133
13 -0.193240 0.826428
13 -0.190051 0.804771
13 -0.164541 0.739799
13 -0.135842 0.718142
13 -0.091199 0.685656
13 -0.078444 0.678437
13 0.026786 0.645951
13 0.029974 0.645951
13 0.007653 0.656780
13 -0.017857 0.667608
13 -0.065689 0.682046
13 -0.065689 0.682046
13 -0.088010 0.692875
13 -0.123087 0.721751
13 -0.145408 0.743409
13 -0.161352 0.754237
13 -0.174107 0.765066
13 -0.202806 0.793942
13 -0.193240 0.815600
13 -0.177296 0.884181
13 -0.180485 0.934714
13 -0.183673 0.970810
13 -0.177296 0.981638
13 -0.167730 1.010515
13 -0.154974 1.035782
7 0.635842 0.663999
7 0.549745 0.645951
7 0.572066 0.645951
7 0.588010 0.653170
7 0.607143 0.656780
7 0.626276 0.656780
7 0.670918 0.663999
7 0.686862 0.667608
7 0.693240 0.667608
7 0.705995 0.671218
7 0.718750 0.674827
7 0.731505 0.682046
7 0.744260 0.685656
7 0.753827 0.685656
7 0.559311 0.667608
7 0.552934 0.656780
7 0.626276 0.635122
7 0.651786 0.642341
7 0.705995 0.678437
7 0.792092 0.700094
7 0.804847 0.703704
7 0.836735 0.732580
7 0.859056 0.750628
7 0.903699 0.775895
7 0.919643 0.801161
7 0.932398 0.815600
7 0.951531 0.844476
7 0.935587 0.830038
7 0.903699 0.772285
7 0.849490 0.747018
7 0.820791 0.721751
7 0.929209 0.808380
7 0.980230 0.855304
7 0.980230 0.869743
7 0.957908 0.909448
7 0.951531 0.927495
7 0.945153 0.949153
7 0.938776 0.985248
7 0.935587 0.996077
7 0.932398 1.003296
7 0.929209 1.024953
7 0.919643 1.043001
7 0.900510 1.064658
7 0.887755 1.093534
7 0.823980 1.133239
7 0.808036 1.136849
7 0.744260 1.126020
7 0.785714 1.129630
7 0.820791 1.129630
7 0.859056 1.129630
7 0.884566 1.111582
7 0.910077 1.064658
7 0.929209 1.046610
7 0.941964 1.028562
7 0.967474 0.959981
7 0.967474 0.869743
7 0.843112 1.158506
7 0.839923 1.158506
7 0.785714 1.158506
7 0.763393 1.154896
7 0.757015 1.151287
7 0.750638 1.147677
7 0.721939 1.136849
7 0.686862 1.133239
7 0.667730 1.126020
7 0.645408 1.118801
7 0.581633 1.111582
7 0.578444 1.104363
7 0.556122 1.100753
7 0.527423 1.089925
7 0.489158 1.068267
7 0.454082 1.046610
7 0.470026 1.057439
7 0.495536 1.071877
7 0.591199 1.104363
7 0.654974 1.118801
7 0.686862 1.129630
7 0.833546 1.140458
7 0.827168 1.140458
7 0.712372 1.144068
7 0.667730 1.129630
7 0.658163 1.129630
7 0.594388 1.118801
7 0.584821 1.115191
7 0.498724 1.064658
7 0.482781 1.046610
7 0.466837 1.021343
7 0.457270 1.014124
7 0.434949 0.985248
7 0.422194 0.959981
7 0.415816 0.938324
7 0.403061 0.902228
7 0.393495 0.869743
7 0.383929 0.844476
7 0.380740 0.833647
7 0.380740 0.811990
7 0.377551 0.790333
7 0.371173 0.757847
7 0.371173 0.728970
7 0.374362 0.714532
7 0.390306 0.696485
7 0.399872 0.692875
7 0.412628 0.682046
7 0.454082 0.663999
7 0.524235 0.645951
7 0.536990 0.645951
7 0.556122 0.645951
7 0.549745 0.653170
7 0.498724 0.660389
7 0.482781 0.663999
7 0.431760 0.678437
7 0.415816 0.685656
9 -0.700255 -0.032643
9 -0.732143 -0.029033
9 -0.732143 -0.029033
9 -0.703444 -0.029033
9 -0.690689 -0.029033
9 -0.681122 -0.029033
9 -0.661990 -0.021814
9 -0.658801 -0.021814
9 -0.639668 -0.014595
9 -0.633291 -0.007376
9 -0.626913 -0.003766
9 -0.623724 0.003453
9 -0.601403 0.014281
9 -0.588648 0.021500
9 -0.582270 0.025110
9 -0.563138 0.043158
9 -0.556760 0.050377
9 -0.544005 0.050377
9 -0.528061 0.061205
9 -0.521684 0.075643
9 -0.508929 0.093691
9 -0.502551 0.129787
9 -0.496173 0.144225
9 -0.496173 0.162272
9 -0.496173 0.180320
9 -0.496173 0.201977
9 -0.492985 0.223635
9 -0.502551 0.252511
9 -0.489796 0.321092
9 -0.489796 0.331921
9 -0.492985 0.353578
9 -0.505740 0.389674
9 -0.505740 0.404112
9 -0.521684 0.429379
9 -0.547194 0.447426
9 -0.534439 0.436598
9 -0.499362 0.389674
9 -0.489796 0.375235
9 -0.483418 0.353578
9 -0.473852 0.328311
9 -0.467474 0.270559
9 -0.467474 0.245292
9 -0.470663 0.209196
9 -0.473852 0.183930
9 -0.489796 0.104520
9 -0.492985 0.082863
9 -0.524872 0.061205
9 -0.566327 0.032329
9 -0.585459 0.021500
9 -0.598214 0.010672
9 -0.655612 -0.000157
9 -0.690689 -0.018205
9 -0.725765 -0.039862
9 -0.770408 -0.039862
9 -0.786352 -0.032643
9 -0.811862 -0.007376
9 -0.846939 0.017891
9 -0.955357 0.100910
9 -0.955357 0.104520
9 -0.926658 0.086472
9 -0.901148 0.057596
9 -0.878827 0.039548
9 -0.837372 0.017891
9 -0.789541 0.007062
9 -0.728954 -0.000157
9 -0.703444 -0.007376
9 -0.697066 -0.018205
9 -0.719388 -0.029033
9 -0.786352 -0.007376
9 -0.795918 0.003453
9 -0.862883 0.057596
9 -0.929847 0.093691
9 -0.942602 0.129787
9 -0.939413 0.144225
9 -0.939413 0.158663
9 -0.936224 0.173101
9 -0.933036 0.108129
9 -0.942602 0.194758
9 -0.939413 0.216416
9 -0.939413 0.230854
9 -0.926658 0.277778
9 -0.923469 0.324702
9 -0.923469 0.335530
9 -0.917092 0.357188
9 -0.904337 0.371626
9 -0.875638 0.393283
9 -0.862883 0.411331
9 -0.862883 0.414940
9 -0.901148 0.353578
9 -0.952168 0.259730
9 -0.952168 0.238073
9 -0.945791 0.241682
9 -0.850128 0.451036
9 -0.850128 0.451036
9 -0.840561 0.451036
9 -0.776786 0.454645
9 -0.757653 0.469083
9 -0.725765 0.479912
9 -0.684311 0.479912
9 -0.658801 0.479912
9 -0.572704 0.476303
9 -0.540816 0.469083
9 -0.502551 0.436598
9 -0.502551 0.422159
9 -0.521684 0.414940
9 -0.547194 0.436598
9 -0.559949 0.447426
9 -0.582270 0.461864
9 -0.614158 0.465474
9 -0.626913 0.469083
9 -0.642857 0.469083
9 -0.703444 0.469083
9 -0.748087 0.476303
9 -0.799107 0.479912
9 -0.811862 0.479912
9 -0.837372 0.472693
