1724 2 14
1 -0.990434 -0.989171
1 -0.968112 -0.938638
1 -0.939413 -0.909761
1 -0.913903 -0.870057
1 -0.875638 -0.830352
1 -0.850128 -0.790647
1 -0.811862 -0.754551
1 -0.789541 -0.722065
1 -0.751276 -0.675141
1 -0.732143 -0.646265
1 -0.706633 -0.610169
1 -0.681122 -0.570465
1 -0.646046 -0.523540
1 -0.598214 -0.469397
1 -0.559949 -0.418864
1 -0.528061 -0.382768
1 -0.486607 -0.339454
1 -0.457908 -0.303358
1 -0.419643 -0.260044
1 -0.381378 -0.216729
1 -0.349490 -0.187853
1 -0.311224 -0.140929
1 -0.269770 -0.104834
1 -0.221939 -0.057910
1 -0.180485 -0.018205
1 -0.132653 0.032329
1 -0.081633 0.082863
1 -0.027423 0.129787
1 0.020408 0.169492
1 0.090561 0.234463
1 0.132015 0.288606
1 0.198980 0.349969
1 0.230867 0.386064
1 0.285077 0.440207
1 0.323342 0.472693
1 0.364796 0.512398
1 0.428571 0.570151
1 0.444515 0.588198
1 0.505102 0.653170
1 0.552934 0.700094
1 0.623087 0.768675
1 0.667730 0.811990
1 0.699617 0.840866
1 0.737883 0.880571
1 0.772959 0.913057
1 0.808036 0.941933
1 0.849490 0.992467
1 0.881378 1.021343
1 0.906888 1.043001
1 0.941964 1.075487
1 0.992985 1.133239
1 1.037628 1.180163
1 0.983418 1.144068
1 0.970663 1.133239
1 0.977041 1.122411
1 0.957908 1.093534
1 0.929209 1.068267
1 0.916454 1.057439
1 0.884566 1.035782
1 0.817602 0.967200
1 0.814413 0.959981
1 0.792092 0.938324
1 0.747449 0.898619
1 0.731505 0.887790
1 0.696429 0.855304
1 0.654974 0.822819
1 0.623087 0.801161
1 0.594388 0.775895
1 0.549745 0.728970
1 0.530612 0.710923
1 0.501913 0.682046
1 0.476403 0.649561
1 0.457270 0.620684
1 0.422194 0.588198
1 0.406250 0.573760
1 0.371173 0.541274
1 0.345663 0.508788
1 0.291454 0.465474
1 0.275510 0.451036
1 0.253189 0.425769
1 0.208546 0.378845
1 0.183036 0.349969
1 0.160714 0.328311
1 0.132015 0.295825
1 0.106505 0.266949
1 0.036352 0.194758
1 0.017219 0.180320
1 -0.005102 0.162272
1 0.023597 0.194758
1 0.052296 0.223635
1 0.065051 0.234463
1 0.042730 0.201977
1 0.010842 0.162272
1 -0.040179 0.108129
1 -0.072066 0.061205
1 -0.091199 0.043158
1 -0.084821 0.075643
1 -0.094388 0.072034
1 -0.154974 0.021500
1 -0.196429 -0.032643
1 -0.202806 -0.047081
1 -0.225128 -0.068738
1 -0.263393 -0.101224
1 -0.298469 -0.137320
1 -0.323980 -0.162586
1 -0.352679 -0.187853
1 -0.381378 -0.213120
1 -0.403699 -0.234777
1 -0.432398 -0.274482
1 -0.457908 -0.299749
1 -0.486607 -0.346673
1 -0.505740 -0.371940
1 -0.528061 -0.393597
1 -0.559949 -0.422473
1 -0.585459 -0.440521
1 -0.607781 -0.465788
1 -0.633291 -0.494664
1 -0.649235 -0.512712
1 -0.668367 -0.537979
1 -0.681122 -0.556026
1 -0.700255 -0.588512
1 -0.716199 -0.617389
1 -0.728954 -0.639046
1 -0.767219 -0.696799
1 -0.773597 -0.707627
1 -0.789541 -0.725675
1 -0.815051 -0.754551
1 -0.850128 -0.790647
1 -0.875638 -0.808694
1 -0.907526 -0.837571
1 -0.920281 -0.855618
1 -0.939413 -0.884495
1 -0.952168 -0.898933
1 -0.968112 -0.927809
1 -0.990434 -0.974733
1 -0.996811 -0.992781
1 -1.000000 1.219868
1 -1.000000 1.219868
1 -0.984056 1.201820
1 -0.974490 1.176554
1 -0.952168 1.151287
1 -0.910714 1.111582
1 -0.888393 1.093534
1 -0.971301 1.183773
1 -0.964923 1.176554
1 -0.936224 1.147677
1 -0.920281 1.129630
1 -0.888393 1.097144
1 -0.805485 0.999686
1 -0.799107 0.985248
1 -0.859694 1.071877
1 -0.866071 1.071877
1 -0.862883 1.068267
1 -0.840561 1.035782
1 -0.824617 1.010515
1 -0.808673 0.996077
1 -0.770408 0.967200
1 -0.744898 0.949153
1 -0.716199 0.916667
1 -0.700255 0.895009
1 -0.693878 0.880571
1 -0.684311 0.869743
1 -0.674745 0.851695
1 -0.639668 0.811990
1 -0.630102 0.801161
1 -0.610969 0.768675
1 -0.601403 0.754237
1 -0.595026 0.743409
1 -0.579082 0.725361
1 -0.559949 0.703704
1 -0.537628 0.682046
1 -0.531250 0.671218
1 -0.524872 0.656780
1 -0.508929 0.624294
1 -0.499362 0.609856
1 -0.477041 0.591808
1 -0.454719 0.573760
1 -0.422832 0.544884
1 -0.390944 0.505179
1 -0.368622 0.479912
1 -0.355867 0.472693
1 -0.301658 0.432988
1 -0.285714 0.414940
1 -0.272959 0.400502
1 -0.257015 0.386064
1 -0.231505 0.364407
1 -0.202806 0.339140
1 -0.170918 0.313873
1 -0.158163 0.299435
1 -0.142219 0.281387
1 -0.119898 0.266949
1 -0.081633 0.230854
1 -0.049745 0.201977
1 -0.024235 0.176711
1 -0.008291 0.151444
1 0.007653 0.129787
1 0.020408 0.118958
1 0.036352 0.097301
1 0.052296 0.072034
1 0.096939 0.032329
1 0.112883 0.014281
1 0.128827 -0.007376
1 0.208546 -0.090395
1 0.230867 -0.108443
1 0.262755 -0.148148
1 0.281888 -0.166196
1 0.211735 -0.036252
1 0.186224 -0.014595
1 0.163903 -0.010986
1 0.198980 -0.086786
1 0.208546 -0.097615
1 0.230867 -0.112053
1 0.160714 -0.032643
1 0.167092 -0.036252
1 0.205357 -0.090395
1 0.230867 -0.115662
1 0.291454 -0.166196
1 0.326531 -0.202291
1 0.387117 -0.249215
1 0.438138 -0.303358
1 0.454082 -0.328625
1 0.473214 -0.350282
1 0.457270 -0.328625
1 0.406250 -0.245606
1 0.367985 -0.223949
1 0.364796 -0.223949
1 0.355230 -0.216729
1 0.355230 -0.216729
1 0.406250 -0.285311
1 0.412628 -0.292530
1 0.441327 -0.335844
1 0.495536 -0.386378
1 0.505102 -0.400816
1 0.543367 -0.429692
1 0.594388 -0.476616
1 0.667730 -0.534369
1 0.686862 -0.556026
1 0.705995 -0.577684
1 0.591199 -0.491055
1 0.543367 -0.422473
1 0.470026 -0.343063
1 0.393495 -0.274482
1 0.470026 -0.328625
1 0.514668 -0.382768
1 0.559311 -0.444131
1 0.594388 -0.476616
1 0.664541 -0.530760
1 0.683673 -0.548807
1 0.693240 -0.552417
1 0.699617 -0.563245
1 0.613520 -0.505493
1 0.613520 -0.498274
1 0.610332 -0.494664
1 0.677296 -0.548807
1 0.705995 -0.570465
1 0.763393 -0.620998
1 0.776148 -0.635436
1 0.798469 -0.657094
1 0.823980 -0.682360
1 0.852679 -0.711237
1 0.890944 -0.754551
1 0.913265 -0.790647
1 0.922832 -0.812304
1 0.935587 -0.837571
1 0.945153 -0.859228
1 0.970663 -0.906152
1 0.996173 -0.949466
1 0.996173 -0.949466
1 0.996173 -0.949466
1 0.967474 -0.884495
1 0.919643 -0.801475
1 0.868622 -0.761770
1 0.827168 -0.700408
1 0.795281 -0.657094
1 0.734694 -0.592122
1 0.718750 -0.574074
1 0.725128 -0.574074
1 0.808036 -0.628217
1 0.833546 -0.657094
1 0.875000 -0.732894
1 0.884566 -0.747332
1 0.897321 -0.761770
1 0.906888 -0.772599
2 0.029974 -0.985562
2 0.014031 -0.967514
2 0.014031 -0.967514
2 0.010842 -0.909761
2 0.010842 -0.906152
2 0.014031 -0.866447
2 0.014031 -0.826742
2 0.014031 -0.787037
2 0.007653 -0.761770
2 0.007653 -0.740113
2 0.010842 -0.711237
2 0.010842 -0.678751
2 0.020408 -0.620998
2 0.020408 -0.595731
2 -0.001913 -0.534369
2 0.001276 -0.512712
2 0.017219 -0.444131
2 0.020408 -0.422473
2 0.017219 -0.368330
2 0.010842 -0.288920
2 0.010842 -0.252825
2 0.010842 -0.216729
2 0.001276 -0.184244
2 -0.005102 -0.144539
2 -0.001913 -0.086786
2 0.010842 -0.047081
2 0.010842 -0.007376
2 0.007653 0.046767
2 0.004464 0.082863
2 0.004464 0.126177
2 -0.005102 0.198368
2 -0.017857 0.245292
2 -0.017857 0.259730
2 -0.014668 0.292216
2 -0.011480 0.339140
2 -0.001913 0.378845
2 0.001276 0.411331
2 0.010842 0.469083
2 0.010842 0.526836
2 0.014031 0.627903
2 0.014031 0.696485
2 0.014031 0.725361
2 0.010842 0.783114
2 -0.005102 0.837257
2 -0.008291 0.873352
2 -0.011480 0.956372
2 -0.024235 1.035782
2 -0.021046 1.071877
2 -0.001913 1.107972
2 0.004464 1.169335
2 0.004464 1.212649
2 0.004464 1.212649
2 0.014031 1.198211
2 0.020408 1.169335
2 0.020408 1.140458
2 0.020408 1.122411
2 0.020408 1.107972
2 0.017219 1.079096
2 0.014031 1.068267
2 0.007653 1.053829
2 0.007653 1.039391
2 0.007653 1.021343
2 0.001276 0.970810
2 0.001276 0.934714
2 0.004464 0.909448
2 0.004464 0.891400
2 0.001276 0.862524
2 -0.005102 0.811990
2 -0.005102 0.775895
2 -0.005102 0.725361
2 -0.005102 0.678437
2 -0.001913 0.642341
2 -0.001913 0.627903
2 -0.001913 0.606246
2 -0.001913 0.570151
2 -0.011480 0.501569
2 -0.014668 0.479912
2 -0.017857 0.432988
2 -0.011480 0.364407
2 0.001276 0.313873
2 0.007653 0.281387
2 0.007653 0.245292
2 0.010842 0.198368
2 0.010842 0.140615
2 0.007653 0.118958
2 0.004464 0.093691
2 0.004464 0.068424
2 0.001276 0.035938
2 -0.001913 0.007062
2 -0.001913 -0.018205
2 -0.001913 -0.032643
2 -0.001913 -0.054300
2 -0.005102 -0.083176
2 -0.005102 -0.104834
2 -0.008291 -0.148148
2 -0.008291 -0.184244
2 -0.008291 -0.238387
2 -0.008291 -0.263653
2 -0.001913 -0.285311
2 0.001276 -0.328625
2 0.001276 -0.346673
2 0.001276 -0.393597
2 0.001276 -0.422473
2 -0.001913 -0.476616
2 0.023597 -0.512712
2 0.033163 -0.534369
2 0.033163 -0.545198
2 -0.008291 -0.570465
2 -0.017857 -0.574074
2 -0.021046 -0.602950
2 -0.008291 -0.660703
2 -0.001913 -0.671532
2 0.026786 -0.693189
2 0.026786 -0.711237
2 0.026786 -0.743723
2 0.014031 -0.772599
2 0.001276 -0.794256
2 -0.001913 -0.841180
2 0.001276 -0.924200
2 0.001276 -0.945857
2 0.001276 -0.953076
2 0.014031 -0.942247
2 0.014031 -0.805085
2 -0.008291 -0.758161
2 -0.011480 -0.700408
2 -0.011480 -0.696799
2 -0.005102 -0.667922
2 0.001276 -0.696799
2 0.007653 -0.841180
2 0.001276 -0.927809
2 0.001276 -0.960295
2 0.026786 -0.971124
2 0.045918 -0.931419
2 0.045918 -0.812304
2 0.045918 -0.776208
2 0.023597 -0.649874
2 -0.011480 0.371626
2 -0.008291 0.418550
2 0.004464 0.591808
2 0.001276 0.635122
2 -0.021046 0.775895
2 0.001276 0.956372
2 0.004464 1.017734
2 0.001276 1.064658
2 -0.021046 1.122411
2 -0.024235 1.176554
2 -0.011480 1.190992
2 0.004464 1.187382
2 0.014031 1.172944
2 0.001276 1.111582
2 -0.005102 1.093534
2 -0.021046 1.154896
2 -0.011480 1.151287
2 -0.014668 1.118801
2 -0.017857 1.014124
2 -0.011480 0.959981
2 -0.011480 0.905838
2 -0.011480 0.844476
2 -0.011480 0.725361
2 -0.005102 0.649561
2 -0.001913 0.591808
2 0.001276 0.523227
2 0.010842 0.526836
2 0.055485 0.624294
2 0.052296 0.714532
2 0.036352 0.833647
2 0.029974 0.909448
2 0.023597 1.006905
2 0.017219 1.053829
2 0.017219 1.064658
2 0.029974 0.963591
2 0.042730 0.808380
2 0.033163 0.750628
2 0.026786 0.689266
2 0.026786 0.613465
2 0.029974 0.544884
2 0.029974 0.490741
2 -0.987245 0.162272
2 -0.987245 0.162272
2 -0.936224 0.162272
2 -0.920281 0.158663
2 -0.869260 0.158663
2 -0.840561 0.155053
2 -0.830995 0.151444
2 -0.725765 0.144225
2 -0.646046 0.151444
2 -0.630102 0.151444
2 -0.556760 0.162272
2 -0.553571 0.158663
2 -0.531250 0.158663
2 -0.480230 0.151444
2 -0.429209 0.155053
2 -0.269770 0.155053
2 -0.257015 0.151444
2 -0.221939 0.151444
2 -0.183673 0.151444
2 -0.135842 0.162272
2 -0.068878 0.158663
2 -0.174107 0.158663
2 -0.257015 0.169492
2 -0.368622 0.173101
2 -0.375000 0.173101
2 0.020408 0.158663
2 0.080995 0.151444
2 0.122449 0.144225
2 0.262755 0.151444
2 0.316964 0.147834
2 0.345663 0.147834
2 0.415816 0.147834
2 0.463648 0.144225
2 0.626276 0.155053
2 0.686862 0.147834
2 0.776148 0.158663
2 0.865434 0.158663
2 0.903699 0.155053
2 0.932398 0.144225
2 0.957908 0.144225
2 0.983418 0.144225
2 0.992985 0.144225
2 0.961097 0.151444
2 0.932398 0.151444
2 0.827168 0.155053
2 0.795281 0.158663
2 0.753827 0.158663
2 0.721939 0.158663
2 0.664541 0.158663
2 0.536990 0.158663
2 0.492347 0.165882
2 0.454082 0.165882
2 0.419005 0.165882
2 0.301020 0.155053
2 0.243622 0.147834
2 0.183036 0.144225
2 0.096939 0.151444
2 0.071429 0.155053
2 0.017219 0.158663
2 0.119260 0.140615
2 0.237245 0.126177
2 0.371173 0.126177
2 0.527423 0.133396
2 0.607143 0.140615
2 0.632653 0.144225
2 0.632653 0.144225
2 0.463648 0.151444
2 -0.920281 0.111739
2 -0.830995 0.111739
2 -0.764031 0.115348
2 -0.661990 0.100910
2 -0.582270 0.097301
2 -0.422832 0.104520
2 -0.279337 0.122567
2 -0.116709 0.129787
2 -0.081633 0.133396
2 -0.056122 0.133396
2 -0.056122 0.133396
2 -0.126276 0.133396
2 -0.253827 0.133396
2 -0.333546 0.133396
2 -0.419643 0.129787
2 -0.477041 0.137006
2 -0.553571 0.140615
2 -0.585459 0.140615
2 -0.668367 0.140615
2 -0.735332 0.133396
2 -0.840561 0.129787
2 -0.859694 0.129787
2 -0.984056 0.140615
2 0.116071 0.180320
2 0.074617 0.151444
2 0.065051 0.151444
2 0.074617 0.144225
2 0.253189 0.100910
2 0.326531 0.104520
2 0.377551 0.104520
2 0.428571 0.100910
2 0.495536 0.104520
2 0.552934 0.104520
2 0.651786 0.122567
2 0.718750 0.122567
2 0.839923 0.137006
2 0.922832 0.137006
2 0.941964 0.133396
2 0.941964 0.133396
2 0.871811 0.137006
2 0.664541 0.129787
2 0.505102 0.129787
4 -0.508929 -0.436911
4 -0.499362 -0.408035
4 -0.489796 -0.433302
4 -0.477041 -0.447740
4 -0.448342 -0.465788
4 -0.422832 -0.483836
4 -0.406888 -0.494664
4 -0.384566 -0.509102
4 -0.339923 -0.519931
4 -0.311224 -0.527150
4 -0.292092 -0.534369
4 -0.250638 -0.552417
4 -0.202806 -0.563245
4 -0.158163 -0.570465
4 -0.110332 -0.581293
4 -0.094388 -0.581293
4 -0.075255 -0.581293
4 0.001276 -0.581293
4 -0.052934 -0.570465
4 -0.068878 -0.577684
4 -0.116709 -0.574074
4 -0.177296 -0.570465
4 -0.228316 -0.556026
4 -0.257015 -0.541588
4 -0.272959 -0.534369
4 -0.308036 -0.519931
4 -0.365434 -0.501883
4 -0.330357 -0.505493
4 -0.266582 -0.530760
4 -0.234694 -0.541588
4 -0.193240 -0.556026
4 -0.135842 -0.566855
4 -0.103954 -0.574074
4 -0.088010 -0.581293
4 0.087372 -0.552417
4 0.090561 -0.548807
4 0.167092 -0.545198
4 0.189413 -0.545198
4 0.218112 -0.530760
4 0.256378 -0.505493
4 0.310587 -0.476616
4 0.377551 -0.458569
4 0.409439 -0.444131
4 0.438138 -0.426083
4 0.444515 -0.418864
4 0.434949 -0.418864
4 0.406250 -0.433302
4 0.383929 -0.451350
4 0.342474 -0.473007
4 0.253189 -0.483836
4 0.211735 -0.505493
4 0.080995 -0.556026
4 0.080995 -0.556026
4 0.084184 -0.556026
4 0.100128 -0.548807
4 0.135204 -0.541588
4 0.154337 -0.530760
4 0.183036 -0.527150
4 0.208546 -0.523540
4 0.230867 -0.516321
4 0.259566 -0.512712
4 0.291454 -0.501883
4 0.307398 -0.494664
4 0.326531 -0.483836
4 0.409439 -0.447740
4 0.479592 -0.408035
4 0.479592 -0.404426
4 0.540179 -0.332235
4 0.552934 -0.314187
4 0.559311 -0.310578
4 0.562500 -0.299749
4 0.575255 -0.256434
4 0.594388 -0.180634
4 0.597577 -0.166196
4 0.594388 -0.137320
4 0.610332 -0.029033
4 0.616709 0.003453
4 0.619898 0.021500
4 0.616709 0.050377
4 0.616709 0.050377
4 0.619898 0.003453
4 0.603954 -0.047081
4 0.607143 -0.112053
4 0.581633 -0.184244
4 0.568878 -0.213120
4 0.559311 -0.267263
4 0.572066 -0.234777
4 0.588010 -0.148148
4 0.591199 -0.083176
4 0.600765 -0.025424
4 0.603954 0.003453
4 0.607143 0.032329
4 0.613520 0.104520
4 0.454082 0.544884
4 0.470026 0.519617
4 0.492347 0.483522
4 0.521046 0.436598
4 0.533801 0.400502
4 0.549745 0.371626
4 0.559311 0.353578
4 0.565689 0.335530
4 0.572066 0.321092
4 0.575255 0.274168
4 0.578444 0.234463
4 0.581633 0.220025
4 0.584821 0.227244
4 0.588010 0.256121
4 0.575255 0.313873
4 0.575255 0.331921
4 0.568878 0.353578
4 0.543367 0.422159
4 0.536990 0.440207
4 0.530612 0.458255
4 0.524235 0.483522
4 0.498724 0.516008
4 0.476403 0.552103
4 0.071429 0.678437
4 0.087372 0.682046
4 0.106505 0.685656
4 0.128827 0.682046
4 0.160714 0.671218
4 0.183036 0.667608
4 0.198980 0.660389
4 0.221301 0.653170
4 0.243622 0.649561
4 0.265944 0.642341
4 0.297832 0.635122
4 0.332908 0.635122
4 0.352041 0.627903
4 0.358418 0.617075
4 0.364796 0.617075
4 0.367985 0.613465
4 0.339286 0.627903
4 0.291454 0.653170
4 0.272321 0.660389
4 0.218112 0.678437
4 0.186224 0.689266
4 0.119260 0.696485
4 0.116071 0.696485
4 -0.406888 0.606246
4 -0.384566 0.624294
4 -0.362245 0.645951
4 -0.346301 0.660389
4 -0.327168 0.671218
4 -0.301658 0.678437
4 -0.266582 0.692875
4 -0.244260 0.703704
4 -0.177296 0.721751
4 -0.126276 0.728970
4 -0.059311 0.732580
4 -0.030612 0.728970
4 -0.024235 0.721751
4 -0.030612 0.718142
4 -0.062500 0.728970
4 -0.072066 0.736190
4 -0.100765 0.739799
4 -0.123087 0.743409
4 -0.132653 0.743409
4 -0.148597 0.739799
4 -0.190051 0.736190
4 -0.196429 0.736190
4 -0.209184 0.721751
4 -0.269770 0.692875
4 -0.282526 0.685656
4 -0.323980 0.663999
4 -0.410077 0.631513
4 -0.470663 0.566541
4 -0.483418 0.562932
4 -0.508929 0.541274
4 -0.521684 0.523227
4 -0.531250 0.501569
4 -0.540816 0.483522
4 -0.547194 0.451036
4 -0.556760 0.425769
4 -0.569515 0.404112
4 -0.579082 0.382454
4 -0.585459 0.364407
4 -0.607781 0.328311
4 -0.620536 0.303045
4 -0.623724 0.288606
4 -0.630102 0.277778
4 -0.636480 0.259730
4 -0.646046 0.245292
4 -0.649235 0.227244
4 -0.652423 0.223635
4 -0.655612 0.212806
4 -0.649235 0.245292
4 -0.626913 0.281387
4 -0.617347 0.321092
4 -0.610969 0.353578
4 -0.601403 0.360797
4 -0.572704 0.411331
4 -0.566327 0.422159
4 -0.556760 0.436598
4 -0.544005 0.454645
4 -0.534439 0.479912
4 -0.681122 0.090082
4 -0.687500 0.079253
4 -0.693878 0.028719
4 -0.693878 0.021500
4 -0.697066 0.010672
4 -0.697066 -0.014595
4 -0.697066 -0.057910
4 -0.693878 -0.061519
4 -0.684311 -0.090395
4 -0.665179 -0.140929
4 -0.658801 -0.166196
4 -0.646046 -0.202291
4 -0.639668 -0.216729
4 -0.626913 -0.238387
4 -0.610969 -0.267263
4 -0.595026 -0.288920
4 -0.569515 -0.314187
4 -0.547194 -0.332235
4 -0.528061 -0.335844
4 -0.531250 -0.339454
4 -0.544005 -0.343063
4 -0.556760 -0.335844
4 -0.572704 -0.314187
4 -0.591837 -0.292530
4 -0.563138 -0.353892
4 -0.559949 -0.364721
4 -0.559949 -0.368330
4 -0.604592 -0.310578
4 -0.604592 -0.270873
4 -0.604592 -0.245606
4 -0.630102 -0.220339
4 -0.642857 -0.198682
4 -0.661990 -0.173415
4 -0.668367 -0.148148
4 -0.677934 -0.115662
4 -0.681122 -0.090395
4 -0.687500 -0.054300
4 -0.687500 0.007062
4 -0.655612 0.061205
4 -0.649235 0.064815
4 -0.661990 0.043158
4 -0.665179 -0.007376
4 -0.665179 -0.050691
4 -0.665179 -0.068738
4 -0.665179 -0.090395
4 -0.665179 -0.112053
4 -0.639668 -0.155367
4 -0.630102 -0.231168
4 -0.486607 0.566541
4 -0.524872 0.541274
4 -0.524872 0.541274
4 -0.547194 0.472693
4 -0.563138 0.447426
4 -0.505740 0.552103
4 -0.483418 0.577370
4 -0.477041 0.580979
4 -0.470663 0.577370
4 -0.540816 0.505179
4 -0.544005 0.501569
4 -0.416454 0.620684
4 -0.435587 0.617075
4 -0.397321 0.645951
4 -0.384566 0.649561
4 -0.387755 0.645951
4 -0.451531 0.602637
4 -0.451531 0.602637
4 -0.426020 0.617075
4 -0.371811 0.642341
4 -0.346301 0.653170
4 0.345663 0.638732
4 0.355230 0.635122
4 0.364796 0.627903
4 0.536990 -0.296139
4 0.536990 -0.303358
4 0.521046 -0.332235
4 0.495536 -0.357502
4 0.473214 -0.371940
4 0.470026 -0.379159
4 0.147959 -0.512712
4 0.103316 -0.530760
4 0.042730 -0.552417
4 0.045918 -0.556026
4 0.093750 -0.574074
4 0.116071 -0.574074
4 0.170281 -0.537979
6 -0.732143 -0.754551
6 -0.767219 -0.714846
6 -0.754464 -0.725675
6 -0.732143 -0.750942
6 -0.716199 -0.761770
6 -0.687500 -0.765380
6 -0.646046 -0.783427
6 -0.614158 -0.797866
6 -0.585459 -0.812304
6 -0.547194 -0.823132
6 -0.518495 -0.837571
6 -0.489796 -0.837571
6 -0.429209 -0.841180
6 -0.410077 -0.852009
6 -0.400510 -0.852009
6 -0.349490 -0.859228
6 -0.295281 -0.862837
6 -0.263393 -0.862837
6 -0.205995 -0.866447
6 -0.190051 -0.866447
6 -0.263393 -0.852009
6 -0.413265 -0.841180
6 -0.489796 -0.823132
6 -0.489796 -0.823132
6 -0.308036 -0.852009
6 -0.228316 -0.852009
6 -0.158163 -0.852009
6 -0.119898 -0.862837
6 -0.075255 -0.862837
6 -0.052934 -0.862837
6 0.093750 -0.848399
6 0.119260 -0.841180
6 0.167092 -0.833961
6 0.186224 -0.833961
6 0.221301 -0.833961
6 0.269133 -0.823132
6 0.336097 -0.815913
6 0.367985 -0.805085
6 0.485969 -0.779818
6 0.489158 -0.776208
6 0.447704 -0.779818
6 0.393495 -0.805085
6 0.326531 -0.826742
6 0.195791 -0.848399
6 0.141582 -0.852009
6 0.339286 -0.830352
6 0.419005 -0.779818
6 0.505102 -0.754551
6 0.559311 -0.736503
6 0.600765 -0.718456
6 0.667730 -0.685970
6 0.696429 -0.664313
6 0.725128 -0.639046
6 0.721939 -0.639046
6 0.645408 -0.678751
6 0.632653 -0.682360
6 0.540179 -0.729284
6 0.508291 -0.743723
6 0.766582 -0.552417
6 0.798469 -0.537979
6 0.811224 -0.494664
6 0.827168 -0.454959
6 0.830357 -0.418864
6 0.827168 -0.379159
6 0.855867 -0.335844
6 0.862245 -0.325016
6 0.865434 -0.288920
6 0.875000 -0.245606
6 0.875000 -0.195072
6 0.887755 -0.050691
6 0.884566 -0.003766
6 0.890944 0.032329
6 0.894133 0.068424
6 0.894133 0.072034
6 0.868622 -0.029033
6 0.868622 -0.057910
6 0.881378 -0.086786
6 0.890944 -0.119272
6 0.890944 -0.162586
6 0.881378 -0.209510
6 0.871811 -0.263653
6 0.843112 -0.353892
6 0.811224 -0.465788
6 0.763393 0.887790
6 0.763393 0.887790
6 0.769770 0.862524
6 0.779337 0.840866
6 0.788903 0.822819
6 0.808036 0.779504
6 0.814413 0.761456
6 0.817602 0.743409
6 0.820791 0.725361
6 0.830357 0.689266
6 0.839923 0.653170
6 0.849490 0.617075
6 0.855867 0.591808
6 0.862245 0.573760
6 0.865434 0.541274
6 0.871811 0.512398
6 0.875000 0.458255
6 0.875000 0.411331
6 0.875000 0.378845
6 0.875000 0.353578
6 0.875000 0.324702
6 0.868622 0.281387
6 0.868622 0.230854
6 0.868622 0.212806
6 0.090561 1.068267
6 0.096939 1.061048
6 0.112883 1.050220
6 0.135204 1.043001
6 0.167092 1.039391
6 0.192602 1.032172
6 0.208546 1.024953
6 0.237245 1.010515
6 0.265944 1.003296
6 0.278699 0.999686
6 0.297832 0.996077
6 0.316964 0.992467
6 0.345663 0.992467
6 0.371173 0.992467
6 0.434949 0.988858
6 0.479592 0.985248
6 0.524235 0.981638
6 0.556122 0.970810
6 0.597577 0.963591
6 0.642219 0.952762
6 0.667730 0.938324
6 0.680485 0.927495
6 0.690051 0.923886
6 0.693240 0.920276
6 0.693240 0.920276
6 0.651786 0.956372
6 0.629464 0.974419
6 0.607143 0.988858
6 0.568878 0.999686
6 0.517857 1.006905
6 0.479592 1.006905
6 0.367985 1.028562
6 0.329719 1.035782
6 0.288265 1.039391
6 0.265944 1.046610
6 0.214923 1.061048
6 0.122449 1.079096
6 0.061862 1.082706
6 0.106505 1.082706
6 0.221301 1.053829
6 0.348852 1.046610
6 0.466837 1.014124
6 0.476403 1.010515
6 0.489158 1.006905
6 0.444515 1.043001
6 0.438138 1.043001
6 0.406250 1.039391
6 0.390306 1.039391
6 0.387117 1.039391
6 -0.690689 0.963591
6 -0.681122 0.981638
6 -0.665179 0.992467
6 -0.633291 1.017734
6 -0.626913 1.017734
6 -0.610969 1.024953
6 -0.601403 1.035782
6 -0.566327 1.050220
6 -0.559949 1.050220
6 -0.521684 1.061048
6 -0.502551 1.068267
6 -0.496173 1.068267
6 -0.480230 1.079096
6 -0.435587 1.082706
6 -0.410077 1.082706
6 -0.365434 1.097144
6 -0.336735 1.104363
6 -0.260204 1.118801
6 -0.225128 1.122411
6 -0.202806 1.122411
6 -0.161352 1.122411
6 -0.107143 1.118801
6 -0.075255 1.118801
6 -0.049745 1.118801
6 -0.059311 1.118801
6 -0.209184 1.126020
6 -0.298469 1.118801
6 -0.384566 1.111582
6 -0.537628 1.093534
6 -0.537628 1.086315
6 -0.920281 0.227244
6 -0.920281 0.241682
6 -0.920281 0.299435
6 -0.907526 0.331921
6 -0.897959 0.360797
6 -0.891582 0.386064
6 -0.875638 0.407721
6 -0.872449 0.487131
6 -0.862883 0.530446
6 -0.856505 0.544884
6 -0.853316 0.577370
6 -0.850128 0.599027
6 -0.846939 0.642341
6 -0.830995 0.689266
6 -0.805485 0.743409
6 -0.792730 0.761456
6 -0.764031 0.833647
6 -0.735332 0.884181
6 -0.741709 0.887790
6 -0.757653 0.855304
6 -0.783163 0.793942
6 -0.815051 0.721751
6 -0.821429 0.689266
6 -0.840561 0.649561
6 -0.878827 0.552103
6 -0.907526 0.447426
6 -0.913903 0.432988
6 -0.913903 0.429379
6 -0.866071 0.458255
6 -0.882015 0.469083
6 -0.897959 0.483522
6 -0.795918 -0.667922
6 -0.795918 -0.667922
6 -0.808673 -0.649874
6 -0.830995 -0.595731
6 -0.830995 -0.566855
6 -0.840561 -0.545198
6 -0.840561 -0.519931
6 -0.846939 -0.501883
6 -0.853316 -0.480226
6 -0.869260 -0.447740
6 -0.872449 -0.429692
6 -0.894770 -0.375549
6 -0.907526 -0.328625
6 -0.913903 -0.303358
6 -0.913903 -0.263653
6 -0.910714 -0.209510
6 -0.936224 -0.133710
6 -0.936224 -0.115662
6 -0.936224 -0.086786
6 -0.933036 0.014281
6 -0.936224 0.046767
6 -0.929847 0.086472
6 -0.920281 -0.021814
6 -0.920281 -0.039862
6 -0.920281 -0.061519
6 -0.920281 -0.090395
6 -0.920281 -0.126491
6 -0.923469 -0.151758
6 -0.926658 -0.187853
6 -0.929847 -0.223949
14 -0.161352 -0.234777
14 -0.139031 -0.180634
14 -0.135842 -0.173415
14 -0.113520 -0.097615
14 -0.094388 -0.043471
14 -0.056122 0.032329
14 -0.033801 0.079253
14 -0.021046 0.097301
14 -0.052934 0.014281
14 -0.078444 -0.029033
14 -0.107143 -0.083176
14 -0.132653 -0.166196
14 -0.164541 -0.252825
14 -0.209184 -0.321406
14 -0.228316 -0.389987
14 -0.260204 -0.476616
14 -0.375000 -0.801475
14 -0.371811 -0.797866
14 -0.365434 -0.765380
14 -0.365434 -0.711237
14 -0.355867 -0.696799
14 -0.330357 -0.620998
14 -0.301658 -0.581293
14 -0.295281 -0.574074
14 -0.288903 -0.563245
14 -0.295281 -0.577684
14 0.042730 0.270559
14 0.042730 0.274168
14 0.065051 0.317483
14 0.071429 0.335530
14 0.074617 0.357188
14 0.093750 0.404112
14 0.106505 0.440207
14 0.109694 0.447426
14 0.128827 0.479912
14 0.128827 0.508788
14 0.138393 0.523227
14 0.154337 0.537665
14 0.163903 0.544884
14 0.173469 0.566541
14 0.186224 0.591808
14 0.192602 0.599027
14 0.240434 0.736190
14 0.243622 0.750628
14 0.253189 0.775895
14 0.265944 0.808380
14 0.278699 0.833647
14 0.291454 0.862524
14 0.301020 0.880571
14 0.310587 0.898619
14 0.316964 0.923886
14 0.336097 0.952762
14 -0.454719 1.064658
14 -0.445153 1.032172
14 -0.441964 1.024953
14 -0.432398 1.006905
14 -0.413265 0.978029
14 -0.403699 0.941933
14 -0.397321 0.923886
14 -0.384566 0.887790
14 -0.375000 0.869743
14 -0.359056 0.819209
14 -0.349490 0.786723
14 -0.339923 0.768675
14 -0.330357 0.754237
14 -0.241071 0.671218
14 -0.241071 0.671218
14 -0.209184 0.617075
14 -0.193240 0.595417
14 -0.183673 0.570151
14 -0.167730 0.548493
14 -0.154974 0.516008
14 -0.091199 0.418550
14 -0.075255 0.375235
14 -0.062500 0.324702
14 -0.043367 0.274168
14 -0.036990 0.256121
14 -0.046556 0.292216
14 -0.056122 0.360797
14 -0.084821 0.443817
14 -0.116709 0.505179
14 0.055485 0.072034
14 0.068240 0.003453
14 0.080995 -0.036252
14 0.093750 -0.079567
14 0.109694 -0.122881
14 0.125638 -0.158977
14 0.128827 -0.184244
14 0.141582 -0.216729
14 0.160714 -0.256434
14 0.170281 -0.274482
14 0.173469 -0.285311
14 0.183036 -0.306968
14 0.205357 -0.371940
14 0.205357 -0.375549
14 0.221301 -0.400816
14 0.227679 -0.415254
14 0.234056 -0.422473
14 0.237245 -0.429692
14 0.227679 -0.415254
14 0.208546 -0.343063
14 0.198980 -0.317797
14 0.288265 -0.537979
14 0.288265 -0.541588
14 0.297832 -0.592122
14 0.301020 -0.602950
14 0.301020 -0.624608
14 0.307398 -0.646265
14 0.320153 -0.671532
14 0.323342 -0.682360
14 0.329719 -0.696799
14 0.339286 -0.718456
14 0.342474 -0.747332
14 0.342474 -0.754551
14 0.345663 -0.768989
14 0.348852 -0.783427
14 0.332908 -0.707627
14 0.316964 -0.628217
14 -0.894770 -0.278092
14 -0.875638 -0.260044
14 -0.869260 -0.256434
14 -0.827806 -0.227558
14 -0.824617 -0.223949
14 -0.821429 -0.220339
14 -0.815051 -0.209510
14 -0.786352 -0.191463
14 -0.773597 -0.184244
14 -0.764031 -0.173415
14 -0.735332 -0.158977
14 -0.626913 -0.104834
14 -0.617347 -0.094005
14 -0.569515 -0.061519
14 -0.521684 -0.036252
14 -0.508929 -0.021814
14 -0.477041 -0.010986
14 -0.604592 -0.083176
14 -0.528061 -0.050691
14 -0.381378 0.021500
14 -0.336735 0.032329
14 -0.218750 0.061205
14 -0.148597 0.072034
14 -0.116709 0.100910
14 -0.123087 0.100910
14 -0.196429 0.072034
14 -0.269770 0.072034
14 -0.323980 0.061205
14 -0.381378 0.043158
14 -0.492985 0.007062
14 -0.403699 0.014281
14 -0.339923 0.043158
14 -0.397321 0.032329
14 -0.454719 0.014281
14 -0.317602 0.053986
14 -0.247449 0.057596
14 0.065051 0.198368
14 0.084184 0.201977
14 0.109694 0.220025
14 0.144770 0.238073
14 0.198980 0.259730
14 0.256378 0.284997
14 0.301020 0.299435
14 0.374362 0.346359
14 0.428571 0.357188
14 0.463648 0.375235
14 0.425383 0.368016
14 0.323342 0.324702
14 0.275510 0.306654
14 0.176658 0.252511
14 0.160714 0.252511
14 0.339286 0.306654
14 0.406250 0.346359
14 0.192602 0.288606
14 0.234056 0.288606
14 0.246811 0.292216
14 0.568878 0.447426
14 0.575255 0.451036
14 0.674107 0.483522
14 0.680485 0.483522
14 0.709184 0.494350
14 0.785714 0.523227
14 0.817602 0.541274
14 0.823980 0.544884
14 0.823980 0.544884
14 0.811224 0.544884
14 0.772959 0.534055
14 0.757015 0.526836
14 0.741071 0.516008
14 0.696429 0.497960
14 0.677296 0.497960
14 0.648597 0.490741
14 0.626276 0.479912
14 0.603954 0.469083
14 0.591199 0.447426
14 0.581633 0.436598
14 0.568878 0.429379
14 -0.834184 0.566541
14 -0.834184 0.559322
14 -0.789541 0.534055
14 -0.760842 0.526836
14 -0.728954 0.516008
14 -0.716199 0.508788
14 -0.690689 0.494350
14 -0.677934 0.479912
14 -0.665179 0.465474
14 -0.617347 0.461864
14 -0.604592 0.451036
14 -0.591837 0.440207
14 -0.559949 0.414940
14 -0.505740 0.400502
14 -0.496173 0.386064
14 -0.438776 0.375235
14 -0.416454 0.360797
14 -0.381378 0.349969
14 -0.352679 0.335530
14 -0.333546 0.324702
14 -0.311224 0.306654
14 -0.285714 0.288606
14 -0.260204 0.277778
14 -0.221939 0.256121
14 -0.202806 0.252511
14 -0.113520 0.241682
14 -0.107143 0.212806
14 -0.097577 0.201977
14 -0.161352 0.241682
14 -0.174107 0.252511
14 -0.378189 0.328311
14 -0.470663 0.364407
14 0.087372 0.093691
14 0.144770 0.082863
14 0.176658 0.072034
14 0.205357 0.057596
14 0.237245 0.035938
14 0.259566 0.021500
14 0.291454 0.014281
14 0.297832 0.007062
14 0.301020 0.003453
14 0.320153 -0.000157
14 0.336097 -0.010986
14 0.348852 -0.018205
14 0.374362 -0.029033
14 0.387117 -0.036252
14 0.409439 -0.047081
14 0.419005 -0.054300
14 0.428571 -0.057910
14 0.438138 -0.068738
14 0.454082 -0.072348
14 0.473214 -0.083176
14 0.495536 -0.086786
14 0.498724 -0.090395
14 0.508291 -0.090395
14 0.521046 -0.097615
14 0.546556 -0.112053
14 0.552934 -0.112053
14 0.629464 -0.137320
14 0.629464 -0.137320
14 0.642219 -0.140929
14 0.674107 -0.148148
14 0.690051 -0.151758
14 0.721939 -0.162586
14 0.731505 -0.166196
14 0.744260 -0.173415
14 0.760204 -0.187853
14 0.776148 -0.191463
14 0.785714 -0.202291
14 0.798469 -0.209510
14 0.808036 -0.216729
14 0.823980 -0.223949
12 0.087372 -0.241996
12 0.039541 -0.231168
12 0.049107 -0.220339
12 0.071429 -0.213120
12 0.096939 -0.213120
12 0.112883 -0.209510
12 0.167092 -0.198682
12 0.170281 -0.195072
12 0.198980 -0.187853
12 0.208546 -0.177024
12 0.218112 -0.173415
12 0.294643 -0.101224
12 0.294643 -0.097615
12 0.323342 -0.065129
12 0.332908 -0.054300
12 0.383929 0.035938
12 0.383929 0.050377
12 0.393495 0.072034
12 0.399872 0.108129
12 0.431760 0.220025
12 0.409439 0.245292
12 0.399872 0.292216
12 0.316964 0.461864
12 0.316964 0.461864
12 0.323342 0.447426
12 0.352041 0.414940
12 0.367985 0.396893
12 0.205357 0.544884
12 0.205357 0.544884
12 0.230867 0.537665
12 0.256378 0.523227
12 0.275510 0.512398
12 0.285077 0.501569
12 0.039541 0.591808
12 0.039541 0.591808
12 0.077806 0.577370
12 0.090561 0.577370
12 0.119260 0.573760
12 -0.008291 0.591808
12 -0.014668 0.591808
12 -0.027423 0.591808
12 -0.062500 0.584589
12 -0.088010 0.584589
12 -0.097577 0.584589
12 -0.110332 0.584589
12 -0.170918 0.555713
12 -0.183673 0.541274
12 -0.221939 0.512398
12 -0.234694 0.508788
12 -0.263393 0.487131
12 -0.279337 0.476303
12 -0.285714 0.465474
12 -0.288903 0.461864
12 -0.336735 0.443817
12 -0.343112 0.436598
12 -0.359056 0.422159
12 -0.378189 0.407721
12 -0.403699 0.324702
12 -0.422832 0.328311
12 -0.445153 0.299435
12 -0.473852 0.270559
12 -0.480230 0.252511
12 -0.486607 0.234463
12 -0.486607 0.216416
12 -0.489796 0.209196
12 -0.502551 0.108129
12 -0.502551 0.090082
12 -0.499362 0.057596
12 -0.499362 0.043158
12 -0.473852 -0.021814
12 -0.464286 -0.043471
12 -0.461097 -0.054300
12 -0.451531 -0.086786
12 -0.432398 -0.115662
12 -0.426020 -0.122881
12 -0.426020 -0.130100
12 -0.419643 -0.137320
12 -0.400510 -0.151758
12 -0.317602 -0.209510
12 -0.311224 -0.209510
12 -0.285714 -0.213120
12 -0.263393 -0.216729
12 -0.244260 -0.220339
12 -0.228316 -0.220339
12 -0.174107 -0.223949
12 -0.091199 -0.241996
12 -0.081633 -0.241996
12 -0.062500 -0.241996
12 -0.027423 -0.238387
12 -0.062500 -0.231168
12 -0.107143 -0.227558
12 -0.132653 -0.223949
11 -0.036990 0.938324
11 -0.033801 0.952762
11 -0.046556 0.952762
11 -0.075255 0.952762
11 -0.110332 0.949153
11 -0.148597 0.938324
11 -0.218750 0.931105
11 -0.323980 0.909448
11 -0.336735 0.909448
11 -0.320791 0.905838
11 -0.241071 0.916667
11 -0.193240 0.934714
11 -0.135842 0.941933
11 -0.215561 0.949153
11 -0.406888 0.913057
11 -0.413265 0.909448
11 -0.422832 0.898619
11 -0.477041 0.869743
11 -0.499362 0.858914
11 -0.547194 0.837257
11 -0.579082 0.815600
11 -0.585459 0.811990
11 -0.598214 0.793942
11 -0.610969 0.775895
11 -0.623724 0.765066
11 -0.652423 0.739799
11 -0.668367 0.721751
11 -0.677934 0.707313
11 -0.687500 0.692875
11 -0.703444 0.667608
11 -0.732143 0.631513
11 -0.738520 0.617075
11 -0.741709 0.602637
11 -0.744898 0.588198
11 -0.789541 0.497960
11 -0.789541 0.497960
11 -0.789541 0.469083
11 -0.786352 0.443817
11 -0.799107 0.375235
11 -0.808673 0.349969
11 -0.811862 0.324702
11 -0.811862 0.303045
11 -0.811862 0.284997
11 -0.811862 0.263340
11 -0.811862 0.234463
11 -0.811862 0.183930
11 -0.792730 0.079253
11 -0.792730 0.057596
11 -0.792730 -0.003766
11 -0.792730 -0.032643
11 -0.792730 -0.072348
11 -0.792730 -0.097615
11 -0.792730 -0.122881
11 -0.773597 -0.231168
11 -0.773597 -0.238387
11 -0.751276 -0.296139
11 -0.741709 -0.321406
11 -0.735332 -0.335844
11 -0.722577 -0.368330
11 -0.703444 -0.404426
11 -0.697066 -0.426083
11 -0.684311 -0.451350
11 -0.614158 -0.509102
11 -0.604592 -0.512712
11 -0.569515 -0.534369
11 -0.518495 -0.574074
11 -0.492985 -0.588512
11 -0.480230 -0.599341
11 -0.464286 -0.606560
11 -0.432398 -0.620998
11 -0.413265 -0.628217
11 -0.394133 -0.646265
11 -0.330357 -0.664313
11 -0.301658 -0.664313
11 -0.263393 -0.675141
11 -0.234694 -0.678751
11 -0.202806 -0.685970
11 -0.167730 -0.696799
11 -0.154974 -0.696799
11 -0.135842 -0.704018
11 -0.123087 -0.704018
11 -0.062500 -0.704018
11 -0.030612 -0.707627
11 -0.027423 -0.707627
11 -0.081633 -0.707627
11 0.045918 -0.696799
11 0.068240 -0.696799
11 0.096939 -0.696799
11 0.163903 -0.693189
11 0.173469 -0.689579
11 0.179847 -0.689579
11 0.189413 -0.685970
11 0.250000 -0.653484
11 0.265944 -0.642655
11 0.144770 -0.689579
11 0.119260 -0.693189
11 0.380740 -0.599341
11 0.390306 -0.595731
11 0.450893 -0.566855
11 0.457270 -0.563245
11 0.470026 -0.559636
11 0.492347 -0.541588
11 0.517857 -0.530760
11 0.536990 -0.527150
11 0.399872 -0.588512
11 0.393495 -0.592122
11 0.361607 -0.620998
11 0.632653 -0.447740
11 0.642219 -0.436911
11 0.654974 -0.422473
11 0.686862 -0.368330
11 0.699617 -0.346673
11 0.712372 -0.296139
11 0.731505 -0.234777
11 0.734694 -0.227558
11 0.734694 -0.216729
11 0.757015 -0.119272
11 0.760204 -0.083176
11 0.760204 -0.068738
11 0.766582 -0.025424
11 0.753827 0.061205
11 0.757015 0.072034
11 0.763393 0.111739
11 0.769770 0.212806
11 0.776148 0.238073
11 0.779337 0.335530
11 0.776148 0.386064
11 0.744260 0.443817
11 0.766582 0.425769
11 0.779337 0.375235
11 0.779337 0.303045
11 0.779337 0.281387
11 0.616709 0.732580
11 0.616709 0.732580
11 0.626276 0.685656
11 0.651786 0.649561
11 0.664541 0.620684
11 0.674107 0.606246
11 0.683673 0.591808
11 0.693240 0.577370
11 0.705995 0.559322
11 0.294643 0.884181
11 0.323342 0.884181
11 0.364796 0.873352
11 0.412628 0.855304
11 0.444515 0.840866
11 0.463648 0.840866
11 0.501913 0.822819
11 0.540179 0.801161
11 0.556122 0.793942
11 0.026786 0.949153
11 0.068240 0.949153
11 0.084184 0.938324
11 0.122449 0.920276
11 0.157526 0.916667
11 0.170281 0.909448
11 0.189413 0.898619
11 0.211735 0.898619
11 0.234056 0.891400
11 0.256378 0.880571
11 0.578444 0.804771
14 0.393495 1.118801
14 0.403061 1.107972
14 0.387117 1.089925
14 0.374362 1.068267
14 0.367985 1.050220
14 0.361607 0.999686
14 0.345663 0.978029
14 0.326531 0.941933
14 0.297832 0.891400
14 0.269133 0.830038
14 0.253189 0.790333
14 0.237245 0.761456
14 0.224490 0.725361
14 0.211735 0.703704
14 0.176658 0.609856
14 0.170281 0.588198
14 0.189413 0.635122
14 0.198980 0.692875
14 0.208546 0.718142
14 0.444515 1.180163
14 0.441327 1.180163
14 0.454082 1.216259
14 0.457270 1.219868
14 0.434949 1.187382
14 0.419005 1.147677
14 0.396684 1.111582
14 -0.521684 1.216259
14 -0.512117 1.209040
14 -0.502551 1.180163
14 -0.499362 1.169335
14 -0.489796 1.151287
14 -0.486607 1.144068
14 -0.464286 1.107972
14 -0.454719 1.079096
14 -0.987245 0.638732
14 -0.987245 0.638732
14 -0.923469 0.624294
14 -0.904337 0.620684
14 -0.888393 0.609856
14 -0.856505 0.599027
14 -0.853316 0.588198
14 -0.894770 0.606246
14 -0.945791 0.645951
14 -0.964923 0.653170
14 -0.987245 -0.314187
14 -0.987245 -0.314187
14 -0.977679 -0.299749
14 -0.942602 -0.263653
14 -0.910714 -0.245606
14 -0.901148 -0.241996
14 -0.926658 -0.270873
14 -0.948980 -0.288920
14 -0.984056 -0.299749
14 -0.990434 -0.321406
14 -0.368622 -0.826742
14 -0.368622 -0.826742
14 -0.381378 -0.884495
14 -0.387755 -0.902542
14 -0.387755 -0.927809
14 -0.387755 -0.942247
14 -0.387755 -0.956685
14 -0.387755 -0.963905
14 -0.387755 -0.949466
14 -0.384566 -0.927809
14 -0.375000 -0.971124
14 -0.394133 -0.974733
14 -0.397321 -0.981952
14 -0.397321 -0.985562
14 0.367985 -0.783427
14 0.374362 -0.783427
14 0.374362 -0.805085
14 0.374362 -0.812304
14 0.377551 -0.848399
14 0.399872 -0.909761
14 0.403061 -0.924200
14 0.409439 -0.945857
14 0.412628 -0.960295
14 0.419005 -0.967514
14 0.419005 -0.967514
14 0.396684 -0.895323
14 0.390306 -0.859228
14 0.849490 -0.209510
14 0.859056 -0.223949
14 0.862245 -0.231168
14 0.890944 -0.252825
14 0.903699 -0.260044
14 0.916454 -0.263653
14 0.932398 -0.274482
14 0.970663 -0.288920
14 1.012117 -0.310578
14 0.986607 -0.296139
14 0.970663 -0.285311
14 0.951531 -0.267263
14 0.855867 0.573760
14 0.862245 0.577370
14 0.868622 0.577370
14 0.887755 0.584589
14 0.900510 0.595417
14 0.910077 0.606246
14 0.941964 0.631513
14 0.951531 0.631513
14 0.967474 0.638732
14 0.986607 0.638732
14 0.996173 0.638732
14 0.999362 0.638732
14 0.980230 0.613465
14 0.903699 0.588198
